Collated Data: Assignment 1

(Q1)(i)
# t     RK4         Analytical         Error
0    0          0          0
0.1  0.462699   0.462772   7.26581e-05
0.2  1.05975    1.05992    0.000165105
0.3  1.79799    1.79827    0.000275254
0.4  2.67379    2.67419    0.000399828
0.5  3.67184    3.67237    0.000535727
0.6  4.76544    4.76612    0.000679493
0.7  5.9186     5.91943    0.000826836
0.8  7.08933    7.09031    0.000973225
0.9  8.23388    8.235      0.00111485
1    9.31101    9.31226    0.00124645

(Q1)(ii)

step size Steps RK4 Analytic error h^4 log(error) 4log(h)
0.0909091 11 9.31139 9.31226 0.000870844 6.83013e-05 -3.06006 -4.16557
0.0833333 12 9.31163 9.31226 0.000626888 4.82253e-05 -3.20281 -4.31672
0.0769231 13 9.3118 9.31226 0.000462624 3.50128e-05 -3.33477 -4.45577
0.0714286 14 9.31191 9.31226 0.000348774 2.60308e-05 -3.45746 -4.58451
0.0666667 15 9.31199 9.31226 0.00026787 1.97531e-05 -3.57208 -4.70437
0.0625 16 9.31205 9.31226 0.000209111 1.52588e-05 -3.67962 -4.81648
0.0588235 17 9.31209 9.31226 0.000165608 1.1973e-05 -3.78092 -4.9218
0.0555556 18 9.31213 9.31226 0.000132848 9.52599e-06 -3.87665 -5.02109
0.0526316 19 9.31215 9.31226 0.000107799 7.67336e-06 -3.96739 -5.11501
0.05 20 9.31217 9.31226 8.83834e-05 6.25e-06 -4.05363 -5.20412
0.047619 21 9.31219 9.31226 7.31474e-05 5.14189e-06 -4.1358 -5.28888
0.0454545 22 9.3122 9.31226 6.10565e-05 4.26883e-06 -4.21427 -5.36969
0.0434783 23 9.31221 9.31226 5.13631e-05 3.57346e-06 -4.28935 -5.44691
0.0416667 24 9.31221 9.31226 4.35188e-05 3.01408e-06 -4.36132 -5.52084
0.04 25 9.31222 9.31226 3.71161e-05 2.56e-06 -4.43044 -5.59176
0.0384615 26 9.31223 9.31226 3.18485e-05 2.1883e-06 -4.49691 -5.65989
0.037037 27 9.31223 9.31226 2.7483e-05 1.88168e-06 -4.56094 -5.72546
0.0357143 28 9.31223 9.31226 2.38403e-05 1.62693e-06 -4.62269 -5.78863
0.0344828 29 9.31224 9.31226 2.07815e-05 1.41387e-06 -4.68232 -5.84959
0.0333333 30 9.31224 9.31226 1.81978e-05 1.23457e-06 -4.73998 -5.90849
0.0322581 31 9.31224 9.31226 1.60034e-05 1.08281e-06 -4.79579 -5.96545
0.03125 32 9.31224 9.31226 1.413e-05 9.53674e-07 -4.84986 -6.0206
0.030303 33 9.31225 9.31226 1.25228e-05 8.43226e-07 -4.9023 -6.07406
0.0294118 34 9.31225 9.31226 1.11378e-05 7.48315e-07 -4.9532 -6.12592
0.0285714 35 9.31225 9.31226 9.93899e-06 6.66389e-07 -5.00266 -6.17627
0.0277778 36 9.31225 9.31226 8.89722e-06 5.95374e-07 -5.05075 -6.22521
0.027027 37 9.31225 9.31226 7.98842e-06 5.33572e-07 -5.09754 -6.27281
0.0263158 38 9.31225 9.31226 7.19274e-06 4.79585e-07 -5.14311 -6.31913
0.025641 39 9.31225 9.31226 6.4937e-06 4.32257e-07 -5.18751 -6.36426
0.025 40 9.31225 9.31226 5.87754e-06 3.90625e-07 -5.2308 -6.40824
0.0243902 41 9.31225 9.31226 5.33275e-06 3.53887e-07 -5.27305 -6.45114
0.0238095 42 9.31225 9.31226 4.84965e-06 3.21368e-07 -5.31429 -6.493
0.0232558 43 9.31225 9.31226 4.42002e-06 2.925e-07 -5.35458 -6.53387
0.0227273 44 9.31225 9.31226 4.03693e-06 2.66802e-07 -5.39395 -6.57381
0.0222222 45 9.31225 9.31226 3.69446e-06 2.43865e-07 -5.43245 -6.61285
0.0217391 46 9.31226 9.31226 3.38754e-06 2.23341e-07 -5.47012 -6.65103
0.0212766 47 9.31226 9.31226 3.11184e-06 2.04931e-07 -5.50698 -6.68839
0.0208333 48 9.31226 9.31226 2.86363e-06 1.8838e-07 -5.54308 -6.72496
0.0204082 49 9.31226 9.31226 2.63967e-06 1.73467e-07 -5.57845 -6.76078
0.02 50 9.31226 9.31226 2.43719e-06 1.6e-07 -5.61311 -6.79588
0.0196078 51 9.31226 9.31226 2.25375e-06 1.47815e-07 -5.64709 -6.83028
0.0192308 52 9.31226 9.31226 2.08725e-06 1.36769e-07 -5.68043 -6.86401
0.0188679 53 9.31226 9.31226 1.93584e-06 1.26735e-07 -5.71313 -6.8971
0.0185185 54 9.31226 9.31226 1.79792e-06 1.17605e-07 -5.74523 -6.92958
0.0181818 55 9.31226 9.31226 1.67206e-06 1.09282e-07 -5.77675 -6.96145
0.0178571 56 9.31226 9.31226 1.55703e-06 1.01683e-07 -5.8077 -6.99275
0.0175439 57 9.31226 9.31226 1.45172e-06 9.47328e-08 -5.83812 -7.0235
0.0172414 58 9.31226 9.31226 1.35516e-06 8.83666e-08 -5.86801 -7.05371
0.0169492 59 9.31226 9.31226 1.2665e-06 8.25262e-08 -5.8974 -7.08341
0.0166667 60 9.31226 9.31226 1.18497e-06 7.71605e-08 -5.92629 -7.11261
0.0163934 61 9.31226 9.31226 1.1099e-06 7.22239e-08 -5.95472 -7.14132
0.016129 62 9.31226 9.31226 1.04068e-06 6.76758e-08 -5.98268 -7.16957
0.015873 63 9.31226 9.31226 9.76772e-07 6.34801e-08 -6.01021 -7.19736
0.015625 64 9.31226 9.31226 9.17696e-07 5.96046e-08 -6.0373 -7.22472
0.0153846 65 9.31226 9.31226 8.63019e-07 5.60204e-08 -6.06398 -7.25165
0.0151515 66 9.31226 9.31226 8.12354e-07 5.27017e-08 -6.09025 -7.27818
0.0149254 67 9.31226 9.31226 7.65353e-07 4.9625e-08 -6.11614 -7.3043
0.0147059 68 9.31226 9.31226 7.21702e-07 4.67697e-08 -6.14164 -7.33004
0.0144928 69 9.31226 9.31226 6.8112e-07 4.41168e-08 -6.16678 -7.3554
0.0142857 70 9.31226 9.31226 6.4335e-07 4.16493e-08 -6.19155 -7.38039
0.0140845 71 9.31226 9.31226 6.08162e-07 3.9352e-08 -6.21598 -7.40503
0.0138889 72 9.31226 9.31226 5.75347e-07 3.72109e-08 -6.24007 -7.42933
0.0136986 73 9.31226 9.31226 5.44716e-07 3.52134e-08 -6.26383 -7.45329
0.0135135 74 9.31226 9.31226 5.16096e-07 3.33483e-08 -6.28727 -7.47693
0.0133333 75 9.31226 9.31226 4.89332e-07 3.16049e-08 -6.3104 -7.50025
0.0131579 76 9.31226 9.31226 4.6428e-07 2.99741e-08 -6.33322 -7.52325
0.012987 77 9.31226 9.31226 4.40811e-07 2.8447e-08 -6.35575 -7.54596
0.0128205 78 9.31226 9.31226 4.18806e-07 2.7016e-08 -6.37799 -7.56838
0.0126582 79 9.31226 9.31226 3.98158e-07 2.56739e-08 -6.39994 -7.59051
0.0125 80 9.31226 9.31226 3.78766e-07 2.44141e-08 -6.42163 -7.61236
0.0123457 81 9.31226 9.31226 3.60541e-07 2.32306e-08 -6.44305 -7.63394
0.0121951 82 9.31226 9.31226 3.43398e-07 2.21179e-08 -6.4642 -7.65526
0.0120482 83 9.31226 9.31226 3.27263e-07 2.10711e-08 -6.4851 -7.67631
0.0119048 84 9.31226 9.31226 3.12064e-07 2.00855e-08 -6.50576 -7.69712
0.0117647 85 9.31226 9.31226 2.97737e-07 1.91569e-08 -6.52617 -7.71768
0.0116279 86 9.31226 9.31226 2.84223e-07 1.82813e-08 -6.54634 -7.73799
0.0114943 87 9.31226 9.31226 2.71468e-07 1.74551e-08 -6.56628 -7.75808
0.0113636 88 9.31226 9.31226 2.59419e-07 1.66751e-08 -6.586 -7.77793
0.011236 89 9.31226 9.31226 2.48032e-07 1.59382e-08 -6.60549 -7.79756
0.0111111 90 9.31226 9.31226 2.37263e-07 1.52416e-08 -6.62477 -7.81697
0.010989 91 9.31226 9.31226 2.27072e-07 1.45826e-08 -6.64384 -7.83617
0.0108696 92 9.31226 9.31226 2.17422e-07 1.39588e-08 -6.6627 -7.85515
0.0107527 93 9.31226 9.31226 2.0828e-07 1.33681e-08 -6.68135 -7.87393
0.0106383 94 9.31226 9.31226 1.99613e-07 1.28082e-08 -6.69981 -7.89251
0.0105263 95 9.31226 9.31226 1.91392e-07 1.22774e-08 -6.71808 -7.91089
0.0104167 96 9.31226 9.31226 1.8359e-07 1.17738e-08 -6.73615 -7.92908
0.0103093 97 9.31226 9.31226 1.76182e-07 1.12957e-08 -6.75404 -7.94709
0.0102041 98 9.31226 9.31226 1.69143e-07 1.08417e-08 -6.77175 -7.9649
0.010101 99 9.31226 9.31226 1.62453e-07 1.04102e-08 -6.78927 -7.98254
0.01 100 9.31226 9.31226 1.5609e-07 1e-08 -6.80663 -8
0.00990099 101 9.31226 9.31226 1.50035e-07 9.6098e-09 -6.82381 -8.01729
0.00980392 102 9.31226 9.31226 1.44272e-07 9.23845e-09 -6.84082 -8.0344
0.00970874 103 9.31226 9.31226 1.38782e-07 8.88487e-09 -6.85767 -8.05135
0.00961538 104 9.31226 9.31226 1.33551e-07 8.54804e-09 -6.87435 -8.06813
0.00952381 105 9.31226 9.31226 1.28564e-07 8.22702e-09 -6.89088 -8.08476
0.00943396 106 9.31226 9.31226 1.23808e-07 7.92094e-09 -6.90725 -8.10122
0.00934579 107 9.31226 9.31226 1.1927e-07 7.62895e-09 -6.92347 -8.11754
0.00925926 108 9.31226 9.31226 1.14938e-07 7.3503e-09 -6.93954 -8.1337
0.00917431 109 9.31226 9.31226 1.108e-07 7.08425e-09 -6.95546 -8.14971
0.00909091 110 9.31226 9.31226 1.06847e-07 6.83013e-09 -6.97124 -8.16557
0.00900901 111 9.31226 9.31226 1.03069e-07 6.58731e-09 -6.98687 -8.18129
0.00892857 112 9.31226 9.31226 9.94567e-08 6.35518e-09 -7.00237 -8.19687
0.00884956 113 9.31226 9.31226 9.60011e-08 6.13319e-09 -7.01772 -8.21231
0.00877193 114 9.31226 9.31226 9.26941e-08 5.9208e-09 -7.03295 -8.22762
0.00869565 115 9.31226 9.31226 8.95284e-08 5.71753e-09 -7.04804 -8.24279
0.00862069 116 9.31226 9.31226 8.64966e-08 5.52291e-09 -7.063 -8.25783
0.00854701 117 9.31226 9.31226 8.35922e-08 5.3365e-09 -7.07783 -8.27274
0.00847458 118 9.31226 9.31226 8.08086e-08 5.15789e-09 -7.09254 -8.28753
0.00840336 119 9.31226 9.31226 7.81399e-08 4.98669e-09 -7.10713 -8.30219
0.00833333 120 9.31226 9.31226 7.55805e-08 4.82253e-09 -7.12159 -8.31672
0.00826446 121 9.31226 9.31226 7.31249e-08 4.66507e-09 -7.13593 -8.33114
0.00819672 122 9.31226 9.31226 7.07684e-08 4.51399e-09 -7.15016 -8.34544
0.00813008 123 9.31226 9.31226 6.8506e-08 4.36897e-09 -7.16427 -8.35962
0.00806452 124 9.31226 9.31226 6.63333e-08 4.22974e-09 -7.17827 -8.37369
0.008 125 9.31226 9.31226 6.4246e-08 4.096e-09 -7.19215 -8.38764
0.00793651 126 9.31226 9.31226 6.22402e-08 3.96751e-09 -7.20593 -8.40148
0.00787402 127 9.31226 9.31226 6.0312e-08 3.84402e-09 -7.2196 -8.41521
0.0078125 128 9.31226 9.31226 5.8458e-08 3.72529e-09 -7.23316 -8.42884
0.00775194 129 9.31226 9.31226 5.66747e-08 3.61111e-09 -7.24661 -8.44236
0.00769231 130 9.31226 9.31226 5.49588e-08 3.50128e-09 -7.25996 -8.45577
0.00763359 131 9.31226 9.31226 5.33074e-08 3.39559e-09 -7.27321 -8.46909
0.00757576 132 9.31226 9.31226 5.17175e-08 3.29385e-09 -7.28636 -8.4823
0.0075188 133 9.31226 9.31226 5.01865e-08 3.1959e-09 -7.29941 -8.49541
0.00746269 134 9.31226 9.31226 4.87118e-08 3.10156e-09 -7.31237 -8.50842
0.00740741 135 9.31226 9.31226 4.72907e-08 3.01068e-09 -7.32522 -8.52134
0.00735294 136 9.31226 9.31226 4.59211e-08 2.9231e-09 -7.33799 -8.53416
0.00729927 137 9.31226 9.31226 4.46008e-08 2.83869e-09 -7.35066 -8.54688
0.00724638 138 9.31226 9.31226 4.33276e-08 2.7573e-09 -7.36324 -8.55952
0.00719424 139 9.31226 9.31226 4.20995e-08 2.6788e-09 -7.37572 -8.57206
0.00714286 140 9.31226 9.31226 4.09145e-08 2.60308e-09 -7.38812 -8.58451
0.0070922 141 9.31226 9.31226 3.9771e-08 2.53002e-09 -7.40043 -8.59688
0.00704225 142 9.31226 9.31226 3.86672e-08 2.4595e-09 -7.41266 -8.60915
0.00699301 143 9.31226 9.31226 3.76014e-08 2.39142e-09 -7.4248 -8.62134
0.00694444 144 9.31226 9.31226 3.6572e-08 2.32568e-09 -7.43685 -8.63345
0.00689655 145 9.31226 9.31226 3.55777e-08 2.26218e-09 -7.44882 -8.64547
0.00684932 146 9.31226 9.31226 3.46169e-08 2.20084e-09 -7.46071 -8.65741
0.00680272 147 9.31226 9.31226 3.36883e-08 2.14156e-09 -7.47252 -8.66927
0.00675676 148 9.31226 9.31226 3.27907e-08 2.08427e-09 -7.48425 -8.68105
0.00671141 149 9.31226 9.31226 3.19227e-08 2.02887e-09 -7.4959 -8.69275
0.00666667 150 9.31226 9.31226 3.10833e-08 1.97531e-09 -7.50747 -8.70437
0.00662252 151 9.31226 9.31226 3.02713e-08 1.9235e-09 -7.51897 -8.71591
0.00657895 152 9.31226 9.31226 2.94856e-08 1.87338e-09 -7.53039 -8.72737
0.00653595 153 9.31226 9.31226 2.87252e-08 1.82488e-09 -7.54174 -8.73877
0.00649351 154 9.31226 9.31226 2.79892e-08 1.77794e-09 -7.55301 -8.75008
0.00645161 155 9.31226 9.31226 2.72767e-08 1.7325e-09 -7.56421 -8.76133
0.00641026 156 9.31226 9.31226 2.65866e-08 1.6885e-09 -7.57534 -8.7725
0.00636943 157 9.31226 9.31226 2.59183e-08 1.64589e-09 -7.58639 -8.7836
0.00632911 158 9.31226 9.31226 2.52708e-08 1.60462e-09 -7.59738 -8.79463
0.00628931 159 9.31226 9.31226 2.46434e-08 1.56463e-09 -7.6083 -8.80559
0.00625 160 9.31226 9.31226 2.40354e-08 1.52588e-09 -7.61915 -8.81648
0.00621118 161 9.31226 9.31226 2.3446e-08 1.48832e-09 -7.62993 -8.8273
0.00617284 162 9.31226 9.31226 2.28746e-08 1.45191e-09 -7.64065 -8.83806
0.00613497 163 9.31226 9.31226 2.23204e-08 1.41661e-09 -7.6513 -8.84875
0.00609756 164 9.31226 9.31226 2.17829e-08 1.38237e-09 -7.66188 -8.85938
0.00606061 165 9.31226 9.31226 2.12615e-08 1.34916e-09 -7.67241 -8.86994
0.0060241 166 9.31226 9.31226 2.07556e-08 1.31695e-09 -7.68286 -8.88043
0.00598802 167 9.31226 9.31226 2.02647e-08 1.28568e-09 -7.69326 -8.89087
0.00595238 168 9.31226 9.31226 1.97882e-08 1.25534e-09 -7.70359 -8.90124
0.00591716 169 9.31226 9.31226 1.93257e-08 1.22589e-09 -7.71387 -8.91155
0.00588235 170 9.31226 9.31226 1.88765e-08 1.1973e-09 -7.72408 -8.9218
0.00584795 171 9.31226 9.31226 1.84403e-08 1.16954e-09 -7.73423 -8.93198
0.00581395 172 9.31226 9.31226 1.80168e-08 1.14258e-09 -7.74432 -8.94211
0.00578035 173 9.31226 9.31226 1.76052e-08 1.11639e-09 -7.75436 -8.95218
0.00574713 174 9.31226 9.31226 1.72054e-08 1.09095e-09 -7.76434 -8.9622
0.00571429 175 9.31226 9.31226 1.68168e-08 1.06622e-09 -7.77426 -8.97215
0.00568182 176 9.31226 9.31226 1.64391e-08 1.0422e-09 -7.78412 -8.98205
0.00564972 177 9.31226 9.31226 1.6072e-08 1.01884e-09 -7.79393 -8.99189
0.00561798 178 9.31226 9.31226 1.57151e-08 9.96139e-10 -7.80368 -9.00168
0.00558659 179 9.31226 9.31226 1.5368e-08 9.74065e-10 -7.81338 -9.01141
0.00555556 180 9.31226 9.31226 1.50304e-08 9.52599e-10 -7.82303 -9.02109
0.00552486 181 9.31226 9.31226 1.47021e-08 9.31721e-10 -7.83262 -9.03071
0.00549451 182 9.31226 9.31226 1.43827e-08 9.11411e-10 -7.84216 -9.04029
0.00546448 183 9.31226 9.31226 1.40719e-08 8.91653e-10 -7.85165 -9.0498
0.00543478 184 9.31226 9.31226 1.37695e-08 8.72426e-10 -7.86108 -9.05927
0.00540541 185 9.31226 9.31226 1.34751e-08 8.53715e-10 -7.87047 -9.06869
0.00537634 186 9.31226 9.31226 1.31886e-08 8.35503e-10 -7.8798 -9.07805
0.00534759 187 9.31226 9.31226 1.29097e-08 8.17775e-10 -7.88908 -9.08737
0.00531915 188 9.31226 9.31226 1.2638e-08 8.00513e-10 -7.89832 -9.09663
0.00529101 189 9.31226 9.31226 1.23736e-08 7.83705e-10 -7.90751 -9.10585
0.00526316 190 9.31226 9.31226 1.21159e-08 7.67336e-10 -7.91664 -9.11501
0.0052356 191 9.31226 9.31226 1.18649e-08 7.51392e-10 -7.92574 -9.12413
0.00520833 192 9.31226 9.31226 1.16205e-08 7.3586e-10 -7.93478 -9.1332
0.00518135 193 9.31226 9.31226 1.13822e-08 7.20727e-10 -7.94377 -9.14223
0.00515464 194 9.31226 9.31226 1.115e-08 7.05981e-10 -7.95272 -9.15121
0.00512821 195 9.31226 9.31226 1.09238e-08 6.9161e-10 -7.96163 -9.16014
0.00510204 196 9.31226 9.31226 1.07032e-08 6.77604e-10 -7.97049 -9.16902
0.00507614 197 9.31226 9.31226 1.04882e-08 6.6395e-10 -7.9793 -9.17786
0.00505051 198 9.31226 9.31226 1.02786e-08 6.50638e-10 -7.98807 -9.18666
0.00502513 199 9.31226 9.31226 1.00742e-08 6.37658e-10 -7.99679 -9.19541
0.005 200 9.31226 9.31226 9.87477e-09 6.25e-10 -8.00547 -9.20412

(Q2)
X values Y values
0.03 1
0.06 1
0.09 1
0.12 1
0.15 1
0.18 1
0.21 1
0.24 0.999999
0.27 0.999998
0.3 0.999997
0.33 0.999995
0.36 0.999993
0.39 0.99999
0.42 0.999985
0.45 0.999979
0.48 0.999971
0.51 0.999961
0.54 0.999949
0.57 0.999934
0.6 0.999915
0.63 0.999892
0.66 0.999865
0.69 0.999834
0.72 0.999796
0.75 0.999753
0.78 0.999702
0.81 0.999644
0.84 0.999578
0.87 0.999503
0.9 0.999418
0.93 0.999323
0.96 0.999217
0.99 0.999099
1.02 0.998968
1.05 0.998824
1.08 0.998666
1.11 0.998492
1.14 0.998303
1.17 0.998098
1.2 0.997875
1.23 0.997634
1.26 0.997375
1.29 0.997097
1.32 0.996799
1.35 0.99648
1.38 0.996141
1.41 0.995779
1.44 0.995396
1.47 0.994991
1.5 0.994563
1.53 0.994111
1.56 0.993636
1.59 0.993137
1.62 0.992614
1.65 0.992066
1.68 0.991494
1.71 0.990898
1.74 0.990276
1.77 0.98963
1.8 0.988958
1.83 0.988262
1.86 0.98754
1.89 0.986794
1.92 0.986022
1.95 0.985226
1.98 0.984404
2.01 0.983558
2.04 0.982687
2.07 0.981791
2.1 0.980871
2.13 0.979926
2.16 0.978957
2.19 0.977963
2.22 0.976944
2.25 0.975901
2.28 0.974834
2.31 0.973742
2.34 0.972626
2.37 0.971485
2.4 0.970319
2.43 0.969128
2.46 0.967913
2.49 0.966672
2.52 0.965406
2.55 0.964113
2.58 0.962795
2.61 0.961451
2.64 0.96008
2.67 0.958682
2.7 0.957256
2.73 0.955803
2.76 0.954321
2.79 0.95281
2.82 0.95127
2.85 0.9497
2.88 0.9481
2.91 0.946469
2.94 0.944807
2.97 0.943112
3 0.941385
3.03 0.939626
3.06 0.937832
3.09 0.936005
3.12 0.934143
3.15 0.932246
3.18 0.930313
3.21 0.928345
3.24 0.92634
3.27 0.924298
3.3 0.92222
3.33 0.920104
3.36 0.91795
3.39 0.915759
3.42 0.913529
3.45 0.911261
3.48 0.908955
3.51 0.90661
3.54 0.904227
3.57 0.901805
3.6 0.899345
3.63 0.896847
3.66 0.89431
3.69 0.891736
3.72 0.889124
3.75 0.886474
3.78 0.883788
3.81 0.881064
3.84 0.878304
3.87 0.875508
3.9 0.872676
3.93 0.869809
3.96 0.866907
3.99 0.86397
4.02 0.861
4.05 0.857996
4.08 0.85496
4.11 0.851891
4.14 0.848789
4.17 0.845657
4.2 0.842493
4.23 0.839299
4.26 0.836075
4.29 0.832821
4.32 0.829537
4.35 0.826225
4.38 0.822884
4.41 0.819515
4.44 0.816118
4.47 0.812693
4.5 0.80924
4.53 0.80576
4.56 0.802254
4.59 0.79872
4.62 0.795159
4.65 0.791572
4.68 0.787958
4.71 0.784317
4.74 0.78065
4.77 0.776956
4.8 0.773235
4.83 0.769487
4.86 0.765713
4.89 0.761912
4.92 0.758083
4.95 0.754228
4.98 0.750345
5.01 0.746435
5.04 0.742498
5.07 0.738533
5.1 0.734541
5.13 0.730521
5.16 0.726473
5.19 0.722397
5.22 0.718293
5.25 0.714162
5.28 0.710003
5.31 0.705816
5.34 0.701602
5.37 0.69736
5.4 0.69309
5.43 0.688794
5.46 0.68447
5.49 0.68012
5.52 0.675744
5.55 0.671341
5.58 0.666913
5.61 0.66246
5.64 0.657981
5.67 0.653479
5.7 0.648952
5.73 0.644403
5.76 0.63983
5.79 0.635236
5.82 0.63062
5.85 0.625983
5.88 0.621327
5.91 0.61665
5.94 0.611955
5.97 0.607242
6 0.602512
6.03 0.597765
6.06 0.593002
6.09 0.588223
6.12 0.583431
6.15 0.578624
6.18 0.573804
6.21 0.568972
6.24 0.564127
6.27 0.559272
6.3 0.554405
6.33 0.549529
6.36 0.544642
6.39 0.539747
6.42 0.534842
6.45 0.529929
6.48 0.525008
6.51 0.52008
6.54 0.515144
6.57 0.5102
6.6 0.50525
6.63 0.500293
6.66 0.495329
6.69 0.490359
6.72 0.485382
6.75 0.480399
6.78 0.475409
6.81 0.470413
6.84 0.46541
6.87 0.4604
6.9 0.455384
6.93 0.450361
6.96 0.445331
6.99 0.440293
7.02 0.435249
7.05 0.430197
7.08 0.425137
7.11 0.42007
7.14 0.414995
7.17 0.409912
7.2 0.40482
7.23 0.399721
7.26 0.394613
7.29 0.389497
7.32 0.384373
7.35 0.37924
7.38 0.374098
7.41 0.368949
7.44 0.363791
7.47 0.358625
7.5 0.353451
7.53 0.348269
7.56 0.343079
7.59 0.337882
7.62 0.332678
7.65 0.327467
7.68 0.32225
7.71 0.317026
7.74 0.311797
7.77 0.306562
7.8 0.301322
7.83 0.296078
7.86 0.290829
7.89 0.285577
7.92 0.280322
7.95 0.275065
7.98 0.269805
8.01 0.264543
8.04 0.259281
8.07 0.254017
8.1 0.248754
8.13 0.243491
8.16 0.238228
8.19 0.232967
8.22 0.227707
8.25 0.222449
8.28 0.217193
8.31 0.21194
8.34 0.20669
8.37 0.201442
8.4 0.196198
8.43 0.190958
8.46 0.185721
8.49 0.180488
8.52 0.175258
8.55 0.170032
8.58 0.16481
8.61 0.159592
8.64 0.154377
8.67 0.149166
8.7 0.143958
8.73 0.138753
8.76 0.133551
8.79 0.128352
8.82 0.123154
8.85 0.117959
8.88 0.112765
8.91 0.107573
8.94 0.102382
8.97 0.097191
9 0.0920004
9.03 0.0868097
9.06 0.0816184
9.09 0.0764261
9.12 0.0712326
9.15 0.0660374
9.18 0.0608402
9.21 0.0556407
9.24 0.0504386
9.27 0.0452336
9.3 0.0400255
9.33 0.034814
9.36 0.029599
9.39 0.0243802
9.42 0.0191575
9.45 0.0139309
9.48 0.00870036
9.51 0.00346575
9.54 -0.00177288
9.57 -0.00701547
9.6 -0.0122619
9.63 -0.0175122
9.66 -0.022766
9.69 -0.0280232
9.72 -0.0332837
9.75 -0.0385471
9.78 -0.0438132
9.81 -0.0490816
9.84 -0.0543522
9.87 -0.0596244
9.9 -0.0648981
9.93 -0.0701727
9.96 -0.075448
9.99 -0.0807235
10.02 -0.0859989
10.05 -0.0912738
10.08 -0.0965478
10.11 -0.101821
10.14 -0.107092
10.17 -0.112361
10.2 -0.117628
10.23 -0.122892
10.26 -0.128153
10.29 -0.133411
10.32 -0.138666
10.35 -0.143917
10.38 -0.149164
10.41 -0.154408
10.44 -0.159647
10.47 -0.164882
10.5 -0.170113
10.53 -0.175339
10.56 -0.180561
10.59 -0.185779
10.62 -0.190993
10.65 -0.196203
10.68 -0.201409
10.71 -0.206611
10.74 -0.21181
10.77 -0.217005
10.8 -0.222197
10.83 -0.227386
10.86 -0.232573
10.89 -0.237757
10.92 -0.242938
10.95 -0.248118
10.98 -0.253297
11.01 -0.258474
11.04 -0.263649
11.07 -0.268824
11.1 -0.273998
11.13 -0.279172
11.16 -0.284346
11.19 -0.289519
11.22 -0.294692
11.25 -0.299866
11.28 -0.305039
11.31 -0.310213
11.34 -0.315387
11.37 -0.320561
11.4 -0.325735
11.43 -0.330909
11.46 -0.336083
11.49 -0.341256
11.52 -0.346428
11.55 -0.351599
11.58 -0.356769
11.61 -0.361937
11.64 -0.367103
11.67 -0.372265
11.7 -0.377424
11.73 -0.38258
11.76 -0.38773
11.79 -0.392876
11.82 -0.398016
11.85 -0.403149
11.88 -0.408274
11.91 -0.413392
11.94 -0.4185
11.97 -0.423599
12 -0.428688
12.03 -0.433765
12.06 -0.43883
12.09 -0.443882
12.12 -0.44892
12.15 -0.453943
12.18 -0.458951
12.21 -0.463943
12.24 -0.468918
12.27 -0.473874
12.3 -0.478812
12.33 -0.483731
12.36 -0.488629
12.39 -0.493506
12.42 -0.498362
12.45 -0.503195
12.48 -0.508005
12.51 -0.512792
12.54 -0.517555
12.57 -0.522292
12.6 -0.527005
12.63 -0.531691
12.66 -0.536351
12.69 -0.540984
12.72 -0.545589
12.75 -0.550167
12.78 -0.554716
12.81 -0.559236
12.84 -0.563727
12.87 -0.568188
12.9 -0.572619
12.93 -0.57702
12.96 -0.581389
12.99 -0.585727
13.02 -0.590033
13.05 -0.594306
13.08 -0.598546
13.11 -0.602753
13.14 -0.606926
13.17 -0.611064
13.2 -0.615168
13.23 -0.619235
13.26 -0.623266
13.29 -0.627259
13.32 -0.631215
13.35 -0.635132
13.38 -0.63901
13.41 -0.642847
13.44 -0.646643
13.47 -0.650397
13.5 -0.654107
13.53 -0.657774
13.56 -0.661395
13.59 -0.66497
13.62 -0.668498
13.65 -0.671977
13.68 -0.675407
13.71 -0.678785
13.74 -0.682111
13.77 -0.685384
13.8 -0.688601
13.83 -0.691763
13.86 -0.694867
13.89 -0.697912
13.92 -0.700896
13.95 -0.70382
13.98 -0.70668
14.01 -0.709476
14.04 -0.712206
14.07 -0.714869
14.1 -0.717464
14.13 -0.719989
14.16 -0.722443
14.19 -0.724825
14.22 -0.727133
14.25 -0.729367
14.28 -0.731525
14.31 -0.733607
14.34 -0.73561
14.37 -0.737534
14.4 -0.739379
14.43 -0.741143
14.46 -0.742825
14.49 -0.744425
14.52 -0.745941
14.55 -0.747374
14.58 -0.748722
14.61 -0.749985
14.64 -0.751162
14.67 -0.752253
14.7 -0.753258
14.73 -0.754176
14.76 -0.755007
14.79 -0.755751
14.82 -0.756407
14.85 -0.756975
14.88 -0.757456
14.91 -0.757849
14.94 -0.758154
14.97 -0.758371
15 -0.7585
15.03 -0.758542
15.06 -0.758497
15.09 -0.758364
15.12 -0.758144
15.15 -0.757837
15.18 -0.757444
15.21 -0.756964
15.24 -0.756398
15.27 -0.755746
15.3 -0.755008
15.33 -0.754186
15.36 -0.753278
15.39 -0.752285
15.42 -0.751208
15.45 -0.750047
15.48 -0.748802
15.51 -0.747474
15.54 -0.746063
15.57 -0.744568
15.6 -0.742991
15.63 -0.741332
15.66 -0.739591
15.69 -0.737768
15.72 -0.735864
15.75 -0.733879
15.78 -0.731813
15.81 -0.729667
15.84 -0.72744
15.87 -0.725134
15.9 -0.722749
15.93 -0.720284
15.96 -0.717741
15.99 -0.71512
16.02 -0.71242
16.05 -0.709644
16.08 -0.70679
16.11 -0.70386
16.14 -0.700855
16.17 -0.697773
16.2 -0.694618
16.23 -0.691388
16.26 -0.688084
16.29 -0.684708
16.32 -0.68126
16.35 -0.677741
16.38 -0.674152
16.41 -0.670493
16.44 -0.666766
16.47 -0.662971
16.5 -0.65911
16.53 -0.655183
16.56 -0.651192
16.59 -0.647138
16.62 -0.643021
16.65 -0.638844
16.68 -0.634608
16.71 -0.630313
16.74 -0.625961
16.77 -0.621553
16.8 -0.617092
16.83 -0.612577
16.86 -0.608011
16.89 -0.603396
16.92 -0.598731
16.95 -0.59402
16.98 -0.589263
17.01 -0.584461
17.04 -0.579617
17.07 -0.574732
17.1 -0.569807
17.13 -0.564843
17.16 -0.559842
17.19 -0.554806
17.22 -0.549735
17.25 -0.544631
17.28 -0.539495
17.31 -0.534329
17.34 -0.529134
17.37 -0.52391
17.4 -0.518659
17.43 -0.513382
17.46 -0.50808
17.49 -0.502754
17.52 -0.497405
17.55 -0.492034
17.58 -0.486642
17.61 -0.481229
17.64 -0.475796
17.67 -0.470344
17.7 -0.464873
17.73 -0.459384
17.76 -0.453878
17.79 -0.448355
17.82 -0.442816
17.85 -0.43726
17.88 -0.431689
17.91 -0.426102
17.94 -0.420501
17.97 -0.414885
18 -0.409254
18.03 -0.403609
18.06 -0.397951
18.09 -0.392279
18.12 -0.386593
18.15 -0.380895
18.18 -0.375183
18.21 -0.369458
18.24 -0.363721
18.27 -0.357972
18.3 -0.35221
18.33 -0.346437
18.36 -0.340652
18.39 -0.334856
18.42 -0.329049
18.45 -0.323231
18.48 -0.317403
18.51 -0.311565
18.54 -0.305717
18.57 -0.299861
18.6 -0.293995
18.63 -0.288121
18.66 -0.282239
18.69 -0.27635
18.72 -0.270453
18.75 -0.264551
18.78 -0.258642
18.81 -0.252728
18.84 -0.24681
18.87 -0.240887
18.9 -0.234961
18.93 -0.229031
18.96 -0.223099
18.99 -0.217165
19.02 -0.21123
19.05 -0.205294
19.08 -0.199358
19.11 -0.193422
19.14 -0.187486
19.17 -0.181552
19.2 -0.175619
19.23 -0.169689
19.26 -0.163761
19.29 -0.157835
19.32 -0.151913
19.35 -0.145994
19.38 -0.140079
19.41 -0.134168
19.44 -0.128261
19.47 -0.122358
19.5 -0.116459
19.53 -0.110565
19.56 -0.104674
19.59 -0.0987885
19.62 -0.0929068
19.65 -0.087029
19.68 -0.0811551
19.71 -0.0752849
19.74 -0.0694182
19.77 -0.0635546
19.8 -0.0576939
19.83 -0.0518358
19.86 -0.0459798
19.89 -0.0401258
19.92 -0.0342732
19.95 -0.0284216
19.98 -0.0225708
20.01 -0.0167202
20.04 -0.0108695
20.07 -0.00501816
20.1 0.000834101
20.13 0.00668773
20.16 0.0125431
20.19 0.0184006
20.22 0.0242606
20.25 0.0301234
20.28 0.0359892
20.31 0.0418585
20.34 0.0477314
20.37 0.0536081
20.4 0.0594888
20.43 0.0653736
20.46 0.0712628
20.49 0.0771562
20.52 0.083054
20.55 0.0889561
20.58 0.0948625
20.61 0.100773
20.64 0.106688
20.67 0.112606
20.7 0.118528
20.73 0.124454
20.76 0.130382
20.79 0.136314
20.82 0.142248
20.85 0.148184
20.88 0.154121
20.91 0.16006
20.94 0.166
20.97 0.17194
21 0.17788
21.03 0.183819
21.06 0.189758
21.09 0.195694
21.12 0.201629
21.15 0.207561
21.18 0.21349
21.21 0.219415
21.24 0.225336
21.27 0.231253
21.3 0.237165
21.33 0.243071
21.36 0.248971
21.39 0.254865
21.42 0.260752
21.45 0.266633
21.48 0.272506
21.51 0.278371
21.54 0.284228
21.57 0.290076
21.6 0.295916
21.63 0.301747
21.66 0.307569
21.69 0.313382
21.72 0.319185
21.75 0.324978
21.78 0.330761
21.81 0.336534
21.84 0.342296
21.87 0.348048
21.9 0.353789
21.93 0.359519
21.96 0.365238
21.99 0.370945
22.02 0.37664
22.05 0.382324
22.08 0.387994
22.11 0.393652
22.14 0.399297
22.17 0.404929
22.2 0.410546
22.23 0.416149
22.26 0.421737
22.29 0.427309
22.32 0.432864
22.35 0.438403
22.38 0.443924
22.41 0.449426
22.44 0.454908
22.47 0.460371
22.5 0.465811
22.53 0.47123
22.56 0.476624
22.59 0.481994
22.62 0.487337
22.65 0.492654
22.68 0.497941
22.71 0.503198
22.74 0.508424
22.77 0.513617
22.8 0.518775
22.83 0.523897
22.86 0.52898
22.89 0.534024
22.92 0.539027
22.95 0.543987
22.98 0.548902
23.01 0.55377
23.04 0.558589
23.07 0.563359
23.1 0.568076
23.13 0.572739
23.16 0.577346
23.19 0.581895
23.22 0.586385
23.25 0.590813
23.28 0.595178
23.31 0.599478
23.34 0.603711
23.37 0.607875
23.4 0.611969
23.43 0.61599
23.46 0.619937
23.49 0.623809
23.52 0.627604
23.55 0.63132
23.58 0.634955
23.61 0.638508
23.64 0.641978
23.67 0.645364
23.7 0.648663
23.73 0.651874
23.76 0.654996
23.79 0.658028
23.82 0.660969
23.85 0.663816
23.88 0.66657
23.91 0.669229
23.94 0.671792
23.97 0.674257
24 0.676625
24.03 0.678893
24.06 0.681061
24.09 0.683128
24.12 0.685093
24.15 0.686955
24.18 0.688714
24.21 0.690367
24.24 0.691916
24.27 0.693359
24.3 0.694694
24.33 0.695923
24.36 0.697043
24.39 0.698054
24.42 0.698956
24.45 0.699748
24.48 0.700429
24.51 0.700998
24.54 0.701457
24.57 0.701802
24.6 0.702035
24.63 0.702155
24.66 0.702162
24.69 0.702054
24.72 0.701832
24.75 0.701496
24.78 0.701044
24.81 0.700478
24.84 0.699796
24.87 0.699
24.9 0.698087
24.93 0.69706
24.96 0.695917
24.99 0.694659
25.02 0.693286
25.05 0.691799
25.08 0.690197
25.11 0.688481
25.14 0.686651
25.17 0.684708
25.2 0.682653
25.23 0.680486
25.26 0.678208
25.29 0.67582
25.32 0.673323
25.35 0.670717
25.38 0.668005
25.41 0.665186
25.44 0.662263
25.47 0.659236
25.5 0.656107
25.53 0.652877
25.56 0.649549
25.59 0.646123
25.62 0.642601
25.65 0.638986
25.68 0.635278
25.71 0.631479
25.74 0.627593
25.77 0.623619
25.8 0.619561
25.83 0.615421
25.86 0.6112
25.89 0.606901
25.92 0.602526
25.95 0.598076
25.98 0.593554
26.01 0.588963
26.04 0.584304
26.07 0.57958
26.1 0.574792
26.13 0.569942
26.16 0.565034
26.19 0.560068
26.22 0.555047
26.25 0.549973
26.28 0.544848
26.31 0.539674
26.34 0.534452
26.37 0.529185
26.4 0.523874
26.43 0.51852
26.46 0.513126
26.49 0.507694
26.52 0.502223
26.55 0.496717
26.58 0.491176
26.61 0.485602
26.64 0.479996
26.67 0.474359
26.7 0.468692
26.73 0.462997
26.76 0.457274
26.79 0.451525
26.82 0.445749
26.85 0.439949
26.88 0.434124
26.91 0.428276
26.94 0.422405
26.97 0.416512
27 0.410598
27.03 0.404662
27.06 0.398707
27.09 0.392731
27.12 0.386736
27.15 0.380723
27.18 0.374691
27.21 0.368641
27.24 0.362574
27.27 0.35649
27.3 0.35039
27.33 0.344274
27.36 0.338142
27.39 0.331995
27.42 0.325834
27.45 0.319659
27.48 0.31347
27.51 0.307269
27.54 0.301056
27.57 0.29483
27.6 0.288594
27.63 0.282347
27.66 0.276091
27.69 0.269825
27.72 0.263551
27.75 0.257269
27.78 0.25098
27.81 0.244684
27.84 0.238383
27.87 0.232077
27.9 0.225766
27.93 0.219453
27.96 0.213136
27.99 0.206817
28.02 0.200497
28.05 0.194176
28.08 0.187855
28.11 0.181534
28.14 0.175215
28.17 0.168897
28.2 0.162582
28.23 0.156269
28.26 0.14996
28.29 0.143654
28.32 0.137352
28.35 0.131055
28.38 0.124762
28.41 0.118475
28.44 0.112192
28.47 0.105915
28.5 0.0996424
28.53 0.0933756
28.56 0.0871142
28.59 0.080858
28.62 0.0746069
28.65 0.0683608
28.68 0.0621194
28.71 0.0558826
28.74 0.04965
28.77 0.0434212
28.8 0.037196
28.83 0.0309738
28.86 0.0247543
28.89 0.018537
28.92 0.0123215
28.95 0.00610716
28.98 -0.000106396
29.01 -0.00631972
29.04 -0.0125333
29.07 -0.0187477
29.1 -0.0249634
29.13 -0.0311808
29.16 -0.0374005
29.19 -0.0436228
29.22 -0.0498484
29.25 -0.0560774
29.28 -0.0623103
29.31 -0.0685475
29.34 -0.0747892
29.37 -0.0810356
29.4 -0.0872871
29.43 -0.0935437
29.46 -0.0998055
29.49 -0.106073
29.52 -0.112345
29.55 -0.118623
29.58 -0.124906
29.61 -0.131194
29.64 -0.137487
29.67 -0.143784
29.7 -0.150086
29.73 -0.156392
29.76 -0.162701
29.79 -0.169013
29.82 -0.175328
29.85 -0.181646
29.88 -0.187964
29.91 -0.194284
29.94 -0.200604
29.97 -0.206923
30 -0.213242