Time,Planet0_x,Planet1_x,Planet2_x,Planet3_x,Planet0_y,Planet1_y,Planet2_y,Planet3_y
0,-0.508452,-0.581041,0.495466,0.511368,0.10611,-0.191899,0.0852158,0.383459
0.01,-0.516979,-0.561441,0.490675,0.522446,0.111402,-0.181499,0.0708673,0.365836
0.02,-0.525518,-0.541372,0.48565,0.533179,0.115799,-0.168594,0.056963,0.347127
0.03,-0.533988,-0.521056,0.480415,0.54351,0.119216,-0.152959,0.0435116,0.327327
0.04,-0.542283,-0.50078,0.474996,0.553376,0.12156,-0.134344,0.0305226,0.306431
0.05,-0.550265,-0.480923,0.469419,0.562711,0.122732,-0.112484,0.018006,0.28443
0.06,-0.557749,-0.461989,0.463714,0.57144,0.12263,-0.0871101,0.00597204,0.261317
0.07,-0.564486,-0.444656,0.457912,0.579481,0.121166,-0.0579839,-0.0055684,0.237084
0.08,-0.570145,-0.429828,0.452051,0.586741,0.118282,-0.0249586,-0.0166043,0.211725
0.09,-0.574299,-0.418677,0.446171,0.593116,0.113999,0.0119005,-0.0271249,0.185235
0.1,-0.576424,-0.412637,0.440321,0.598486,0.108484,0.0521219,-0.0371202,0.157615
0.11,-0.575962,-0.413241,0.434557,0.602719,0.102143,0.0945743,-0.0465828,0.128875
0.12,-0.572468,-0.421709,0.428947,0.605662,0.0956891,0.137288,-0.05551,0.099032
0.13,-0.565834,-0.438342,0.423568,0.607142,0.0900774,0.177621,-0.0639066,0.068122
0.14,-0.556435,-0.462109,0.418511,0.606961,0.0862639,0.212936,-0.0717889,0.0362014
0.15,-0.54505,-0.490873,0.413878,0.604898,0.0848962,0.241443,-0.0791885,0.00335871
0.16,-0.532583,-0.52215,0.409779,0.600704,0.0861735,0.262587,-0.0861581,-0.0302728
0.17,-0.519808,-0.55381,0.406336,0.594108,0.0899314,0.276813,-0.0927779,-0.0644983
0.18,-0.507268,-0.584359,0.403671,0.584832,0.0958196,0.285076,-0.0991639,-0.0990413
0.19,-0.495291,-0.612892,0.401901,0.572608,0.103444,0.288452,-0.105477,-0.133523
0.2,-0.484054,-0.638924,0.401122,0.55722,0.112439,0.287936,-0.111928,-0.167449
0.21,-0.473632,-0.662242,0.40138,0.538557,0.122495,0.284371,-0.118782,-0.200205
0.22,-0.464046,-0.682795,0.402652,0.516675,0.133356,0.278448,-0.126341,-0.231089
0.23,-0.455281,-0.700619,0.404815,0.491852,0.144818,0.270721,-0.134917,-0.259375
0.24,-0.447309,-0.715798,0.40764,0.464607,0.156713,0.261634,-0.144787,-0.284417
0.25,-0.440093,-0.728439,0.410813,0.435659,0.168907,0.251548,-0.156148,-0.305749
0.26,-0.433592,-0.738656,0.413969,0.405836,0.181289,0.240752,-0.16908,-0.323164
0.27,-0.427767,-0.746564,0.416752,0.375956,0.193769,0.229485,-0.183545,-0.336727
0.28,-0.422582,-0.752273,0.418854,0.346725,0.206271,0.217946,-0.199405,-0.346721
0.29,-0.418001,-0.755887,0.420042,0.318686,0.218728,0.206302,-0.21646,-0.353572
0.3,-0.413993,-0.757502,0.420158,0.292208,0.231086,0.194693,-0.234484,-0.35777
0.31,-0.410528,-0.757207,0.419116,0.267506,0.243296,0.183243,-0.25325,-0.359803
0.32,-0.40758,-0.755083,0.41688,0.244675,0.255314,0.172062,-0.272546,-0.360124
0.33,-0.405125,-0.751205,0.413456,0.223722,0.267103,0.161245,-0.292188,-0.359132
0.34,-0.403142,-0.74564,0.408874,0.204596,0.278626,0.150881,-0.312015,-0.357169
0.35,-0.401612,-0.738449,0.403179,0.187212,0.28985,0.141054,-0.331895,-0.354518
0.36,-0.400517,-0.729689,0.396426,0.171461,0.300744,0.131841,-0.351715,-0.351416
0.37,-0.39984,-0.719413,0.388677,0.157221,0.311278,0.123319,-0.371384,-0.348056
0.38,-0.399567,-0.707667,0.379991,0.144371,0.321423,0.115564,-0.390826,-0.344595
0.39,-0.399684,-0.694496,0.370429,0.132787,0.331148,0.108651,-0.409979,-0.341159
0.4,-0.400178,-0.679943,0.360051,0.122347,0.340422,0.102659,-0.428795,-0.337852
0.41,-0.401036,-0.664047,0.348913,0.112937,0.349215,0.0976697,-0.44723,-0.334754
0.42,-0.402245,-0.646849,0.337067,0.104445,0.357492,0.0937709,-0.465252,-0.33193
0.43,-0.403793,-0.628388,0.324564,0.0967675,0.365217,0.0910567,-0.482834,-0.329431
0.44,-0.405664,-0.608709,0.311452,0.0898049,0.372351,0.0896304,-0.499954,-0.327296
0.45,-0.407844,-0.587858,0.297774,0.0834645,0.37885,0.0896064,-0.516594,-0.325553
0.46,-0.410312,-0.565889,0.283572,0.0776591,0.384666,0.0911128,-0.53274,-0.324223
0.47,-0.413047,-0.542869,0.268885,0.0723068,0.389743,0.0942942,-0.54838,-0.323319
0.48,-0.41602,-0.518877,0.253748,0.0673313,0.394018,0.0993156,-0.563504,-0.322846
0.49,-0.419193,-0.494019,0.238196,0.0626617,0.39742,0.106366,-0.578105,-0.322806
0.5,-0.422519,-0.468432,0.222261,0.0582323,0.399867,0.115662,-0.592178,-0.323195
0.51,-0.42593,-0.442302,0.205973,0.0539829,0.401265,0.127455,-0.605716,-0.324005
0.52,-0.429338,-0.415882,0.189362,0.0498587,0.401505,0.142031,-0.618717,-0.325225
0.53,-0.432617,-0.389522,0.172455,0.0458112,0.400467,0.159712,-0.631178,-0.326842
0.54,-0.435591,-0.363713,0.15528,0.0417976,0.39802,0.180848,-0.643097,-0.32884
0.55,-0.438017,-0.339141,0.137863,0.037781,0.394035,0.20579,-0.654475,-0.331206
0.56,-0.43955,-0.316758,0.120228,0.0337298,0.388404,0.234829,-0.665312,-0.333925
0.57,-0.439728,-0.297856,0.102399,0.0296168,0.381089,0.268061,-0.675612,-0.336987
0.58,-0.437957,-0.284077,0.0843997,0.0254174,0.372211,0.305161,-0.685377,-0.340383
0.59,-0.433574,-0.277256,0.0662498,0.0211083,0.362161,0.345048,-0.694611,-0.344107
0.6,-0.426028,-0.278922,0.0479692,0.0166659,0.351705,0.385622,-0.703319,-0.348152
0.61,-0.415157,-0.289524,0.0295757,0.0120664,0.341912,0.423942,-0.711505,-0.352513
0.62,-0.401381,-0.307917,0.011086,0.00728568,0.33385,0.457069,-0.719171,-0.357179
0.63,-0.385577,-0.331695,-0.00748371,0.00230072,0.328209,0.483106,-0.72632,-0.36214
0.64,-0.368728,-0.358161,-0.0261177,-0.0029097,0.325158,0.501579,-0.732953,-0.367382
0.65,-0.351639,-0.385111,-0.0448004,-0.00836427,0.324484,0.513073,-0.739072,-0.372892
0.66,-0.334849,-0.41107,-0.063516,-0.014079,0.325804,0.518634,-0.74468,-0.378658
0.67,-0.318673,-0.435185,-0.0822491,-0.0200677,0.328714,0.519368,-0.749777,-0.384666
0.68,-0.303275,-0.457015,-0.100984,-0.0263422,0.332858,0.516258,-0.754366,-0.390909
0.69,-0.288726,-0.476377,-0.119706,-0.032913,0.337939,0.510114,-0.75845,-0.397378
0.7,-0.275046,-0.493229,-0.1384,-0.0397899,0.343721,0.501585,-0.762031,-0.404068
0.71,-0.262226,-0.507605,-0.157052,-0.0469826,0.350019,0.491186,-0.765112,-0.410976
0.72,-0.250243,-0.51958,-0.175646,-0.0545007,0.356683,0.479328,-0.767695,-0.418101
0.73,-0.239069,-0.529243,-0.194168,-0.0623544,0.363597,0.466337,-0.769783,-0.425443
0.74,-0.228673,-0.53669,-0.212605,-0.0705551,0.370663,0.45248,-0.771379,-0.433006
0.75,-0.219025,-0.542014,-0.230942,-0.079115,0.377806,0.437973,-0.772484,-0.440791
0.76,-0.210094,-0.545306,-0.249166,-0.088048,0.38496,0.423,-0.7731,-0.448806
0.77,-0.201855,-0.546646,-0.26726,-0.0973698,0.392072,0.407712,-0.773228,-0.457055
0.78,-0.194283,-0.54611,-0.285211,-0.107098,0.399094,0.392241,-0.772869,-0.465546
0.79,-0.187356,-0.543767,-0.303003,-0.117252,0.405987,0.376704,-0.772022,-0.474288
0.8,-0.181054,-0.539678,-0.32062,-0.127855,0.412714,0.361203,-0.770686,-0.483289
0.81,-0.175358,-0.533899,-0.338044,-0.138934,0.419242,0.345832,-0.768861,-0.49256
0.82,-0.170254,-0.526481,-0.355256,-0.150516,0.425541,0.330678,-0.766542,-0.502111
0.83,-0.165726,-0.51747,-0.372236,-0.162636,0.431581,0.315823,-0.763728,-0.511956
0.84,-0.161762,-0.506907,-0.388961,-0.175332,0.437334,0.301349,-0.760413,-0.522107
0.85,-0.158351,-0.494831,-0.405405,-0.18865,0.442771,0.287335,-0.756592,-0.532579
0.86,-0.15548,-0.481277,-0.421539,-0.202642,0.447863,0.273861,-0.752259,-0.543387
0.87,-0.153141,-0.466281,-0.43733,-0.21737,0.452581,0.26101,-0.747408,-0.554549
0.88,-0.151324,-0.449876,-0.452737,-0.232908,0.456892,0.24887,-0.742029,-0.566082
0.89,-0.150019,-0.432095,-0.467715,-0.249347,0.460763,0.237533,-0.736114,-0.578007
0.9,-0.149217,-0.412975,-0.482206,-0.266796,0.464157,0.2271,-0.729654,-0.590344
0.91,-0.148906,-0.392553,-0.496141,-0.285394,0.467035,0.217681,-0.72264,-0.603113
0.92,-0.149075,-0.370873,-0.509431,-0.305322,0.469352,0.209398,-0.715065,-0.616333
0.93,-0.149709,-0.347983,-0.521963,-0.326815,0.471058,0.202388,-0.706926,-0.630014
0.94,-0.150791,-0.323945,-0.533584,-0.350195,0.4721,0.196804,-0.698227,-0.644147
0.95,-0.152298,-0.298829,-0.544082,-0.375918,0.472415,0.19282,-0.688995,-0.658681
0.96,-0.154201,-0.272728,-0.553149,-0.404656,0.471932,0.190632,-0.679304,-0.673459
0.97,-0.15646,-0.245757,-0.560312,-0.437454,0.470574,0.190464,-0.669343,-0.688062
0.98,-0.159025,-0.218069,-0.56482,-0.47598,0.46825,0.192568,-0.659634,-0.701332
0.99,-0.161825,-0.189865,-0.565617,-0.522594,0.464858,0.197231,-0.651721,-0.709807
1,-0.164765,-0.161415,-0.563047,-0.576511,0.460284,0.204773,-0.649635,-0.70443
1.01,-0.167713,-0.133084,-0.562651,-0.625246,0.454404,0.215544,-0.655399,-0.680664
1.02,-0.170488,-0.105377,-0.568593,-0.659427,0.447087,0.229913,-0.664724,-0.648175
1.03,-0.172841,-0.0789825,-0.579071,-0.683097,0.438205,0.248236,-0.673383,-0.61649
1.04,-0.174432,-0.0548404,-0.592034,-0.700866,0.42766,0.270794,-0.680554,-0.587474
1.05,-0.17481,-0.0341919,-0.606431,-0.715092,0.415427,0.297663,-0.686272,-0.56106
1.06,-0.173417,-0.0185765,-0.621713,-0.727,0.401628,0.328508,-0.690697,-0.5369
1.07,-0.169645,-0.00966982,-0.637567,-0.737287,0.386635,0.362312,-0.693978,-0.514666
1.08,-0.162993,-0.00885816,-0.653798,-0.746378,0.37114,0.397177,-0.696238,-0.494088
1.09,-0.153289,-0.0166163,-0.670278,-0.754552,0.356094,0.430489,-0.697573,-0.474953
1.1,-0.140847,-0.0320909,-0.686917,-0.761999,0.342467,0.459585,-0.698065,-0.45709
1.11,-0.126382,-0.0533194,-0.703647,-0.768853,0.330946,0.482576,-0.697776,-0.44036
1.12,-0.110751,-0.0779552,-0.72042,-0.775217,0.321798,0.498738,-0.696761,-0.424654
1.13,-0.0947063,-0.103931,-0.737195,-0.781165,0.314942,0.508297,-0.695065,-0.409881
1.14,-0.078799,-0.12974,-0.753941,-0.786759,0.31011,0.511999,-0.692726,-0.395967
1.15,-0.0633842,-0.154408,-0.770633,-0.792048,0.306975,0.510745,-0.689778,-0.382849
1.16,-0.0486722,-0.177359,-0.787249,-0.797073,0.305225,0.505398,-0.686249,-0.370476
1.17,-0.0347772,-0.198285,-0.803772,-0.801869,0.30459,0.496713,-0.682164,-0.358802
1.18,-0.0217536,-0.217036,-0.820186,-0.806465,0.304842,0.485318,-0.677545,-0.347788
1.19,-0.00962017,-0.233564,-0.836477,-0.810888,0.305795,0.47173,-0.672412,-0.337403
1.2,0.00162515,-0.247877,-0.852631,-0.815163,0.307296,0.456372,-0.666781,-0.327616
1.21,0.0119958,-0.260015,-0.868639,-0.819309,0.309221,0.439591,-0.660666,-0.318401
1.22,0.0215115,-0.270033,-0.884488,-0.823347,0.311466,0.421677,-0.654081,-0.309737
1.23,0.0301943,-0.277997,-0.900169,-0.827295,0.313945,0.40287,-0.647038,-0.301602
1.24,0.0380676,-0.283972,-0.91567,-0.83117,0.316582,0.383377,-0.639546,-0.29398
1.25,0.0451544,-0.288025,-0.930983,-0.834988,0.319316,0.363375,-0.631614,-0.286854
1.26,0.0514766,-0.290222,-0.946095,-0.838764,0.322089,0.34302,-0.623251,-0.28021
1.27,0.0570554,-0.290623,-0.960998,-0.842513,0.324852,0.32245,-0.614465,-0.274038
1.28,0.0619104,-0.289288,-0.975681,-0.846251,0.32756,0.301792,-0.605261,-0.268326
1.29,0.0660602,-0.286272,-0.990132,-0.849992,0.330172,0.281162,-0.595645,-0.263066
1.3,0.0695223,-0.281627,-1.00434,-0.853753,0.332648,0.26067,-0.585624,-0.258253
1.31,0.072313,-0.275405,-1.01829,-0.85755,0.334953,0.24042,-0.575202,-0.253879
1.32,0.0744478,-0.267652,-1.03198,-0.861401,0.337051,0.220515,-0.564385,-0.249944
1.33,0.0759417,-0.258414,-1.04539,-0.865325,0.338906,0.201056,-0.553177,-0.246443
1.34,0.076809,-0.247735,-1.0585,-0.869344,0.340483,0.182142,-0.541584,-0.243378
1.35,0.0770639,-0.235657,-1.07131,-0.873482,0.341748,0.163876,-0.529609,-0.240749
1.36,0.0767205,-0.222221,-1.0838,-0.877766,0.342665,0.146364,-0.517258,-0.238558
1.37,0.0757931,-0.20747,-1.09595,-0.882225,0.343197,0.129714,-0.504535,-0.236807
1.38,0.0742967,-0.191446,-1.10775,-0.886893,0.343305,0.114039,-0.491446,-0.2355
1.39,0.0722472,-0.174194,-1.11918,-0.891808,0.342947,0.0994582,-0.477995,-0.234638
1.4,0.0696622,-0.155762,-1.13023,-0.897012,0.342081,0.0860998,-0.464186,-0.234226
1.41,0.066561,-0.136201,-1.14086,-0.902552,0.340659,0.0740996,-0.450026,-0.234264
1.42,0.0629662,-0.115574,-1.15106,-0.908479,0.33863,0.0636047,-0.43552,-0.234755
1.43,0.0589041,-0.0939503,-1.16081,-0.914853,0.335938,0.0547751,-0.420674,-0.235695
1.44,0.0544064,-0.0714154,-1.17007,-0.921738,0.332522,0.0477864,-0.405494,-0.237084
1.45,0.0495124,-0.0480746,-1.17883,-0.929208,0.328313,0.0428316,-0.389988,-0.238914
1.46,0.0442712,-0.0240607,-1.18703,-0.937344,0.323236,0.0401243,-0.374165,-0.241176
1.47,0.0387455,0.000456021,-1.19465,-0.946241,0.317206,0.0399011,-0.358035,-0.243853
1.48,0.0330168,0.0252536,-1.20164,-0.956005,0.310129,0.0424229,-0.341614,-0.246922
1.49,0.0271925,0.0500391,-1.20795,-0.966758,0.301904,0.047974,-0.32492,-0.250351
1.5,0.0214149,0.074422,-1.2135,-0.978645,0.292422,0.0568566,-0.307976,-0.254091
1.51,0.0158751,0.0978787,-1.21824,-0.991829,0.281575,0.0693749,-0.290817,-0.258073
1.52,0.0108282,0.119708,-1.22207,-1.00651,0.269264,0.0858004,-0.27349,-0.262198
1.53,0.00661136,0.138983,-1.2249,-1.02291,0.255428,0.106305,-0.256062,-0.266321
1.54,0.00365587,0.154518,-1.22659,-1.04131,0.240086,0.13084,-0.238632,-0.270229
1.55,0.00247666,0.164897,-1.22702,-1.06202,0.223404,0.158952,-0.221344,-0.273603
1.56,0.00361045,0.168642,-1.22602,-1.08539,0.205776,0.189565,-0.204417,-0.275962
1.57,0.00747693,0.1646,-1.22345,-1.11176,0.18787,0.220845,-0.188181,-0.27657
1.58,0.0141921,0.15245,-1.2192,-1.14135,0.170566,0.250378,-0.173133,-0.27432
1.59,0.0234513,0.133032,-1.21337,-1.17397,0.154744,0.275748,-0.159978,-0.267638
1.6,0.0345987,0.108148,-1.20642,-1.20854,0.141037,0.295221,-0.149559,-0.254637
1.61,0.0468454,0.0799685,-1.19944,-1.24265,0.129706,0.308083,-0.142512,-0.233893
1.62,0.0594791,0.0504531,-1.19385,-1.27308,0.120694,0.314491,-0.138718,-0.205687
1.63,0.0719636,0.0210766,-1.19072,-1.29744,0.113762,0.315114,-0.137181,-0.172262
1.64,0.0839416,-0.00717774,-1.19028,-1.31519,0.108599,0.310804,-0.136624,-0.1365
1.65,0.0951957,-0.0337119,-1.19217,-1.32716,0.1049,0.302405,-0.13608,-0.10058
1.66,0.105605,-0.0581929,-1.19587,-1.33454,0.102391,0.290671,-0.135014,-0.0657126
1.67,0.11511,-0.0804581,-1.20088,-1.33842,0.100841,0.276243,-0.133187,-0.0324392
1.68,0.12369,-0.10045,-1.20683,-1.33964,0.100055,0.259656,-0.13052,-0.000943538
1.69,0.131347,-0.118174,-1.21344,-1.33883,0.0998729,0.241354,-0.127009,0.0287613
1.7,0.138096,-0.133671,-1.22051,-1.33644,0.100163,0.221704,-0.122685,0.0567367
1.71,0.143958,-0.147002,-1.22788,-1.33283,0.100815,0.201012,-0.11759,0.083072
1.72,0.148959,-0.158239,-1.23545,-1.32824,0.101735,0.179538,-0.111769,0.107863
1.73,0.153126,-0.167456,-1.24312,-1.32286,0.102845,0.157504,-0.105268,0.1312
1.74,0.156486,-0.174728,-1.25082,-1.31687,0.104076,0.135099,-0.0981269,0.15317
1.75,0.159065,-0.180127,-1.2585,-1.31037,0.10537,0.112492,-0.0903841,0.173847
1.76,0.160888,-0.183723,-1.26612,-1.30346,0.106674,0.0898307,-0.0820735,0.193299
1.77,0.161979,-0.185582,-1.27364,-1.29624,0.107941,0.0672493,-0.0732256,0.211586
1.78,0.162362,-0.185764,-1.28102,-1.28876,0.109128,0.0448698,-0.0638679,0.228758
1.79,0.162056,-0.184329,-1.28825,-1.28108,0.110197,0.0228055,-0.0540249,0.244862
1.8,0.161082,-0.181328,-1.29531,-1.27326,0.11111,0.00116297,-0.0437186,0.259938
1.81,0.159459,-0.176814,-1.30216,-1.26534,0.111831,-0.0199563,-0.0329688,0.27402
1.82,0.157206,-0.170832,-1.3088,-1.25737,0.112328,-0.040454,-0.0217929,0.28714
1.83,0.154338,-0.16343,-1.31521,-1.24938,0.112565,-0.0602335,-0.0102068,0.299324
1.84,0.150873,-0.154649,-1.32138,-1.24141,0.11251,-0.0791981,0.0017756,0.310596
1.85,0.146827,-0.144531,-1.32729,-1.23349,0.112128,-0.0972503,0.0141418,0.320976
1.86,0.142215,-0.133119,-1.33292,-1.22567,0.111385,-0.11429,0.0268808,0.330482
1.87,0.137055,-0.120455,-1.33828,-1.21796,0.110242,-0.130212,0.0399827,0.339131
1.88,0.131362,-0.106583,-1.34334,-1.21042,0.108662,-0.144906,0.0534387,0.346936
1.89,0.125155,-0.0915502,-1.34809,-1.20306,0.106601,-0.158254,0.0672413,0.353909
1.9,0.118454,-0.0754097,-1.35251,-1.19593,0.104016,-0.170129,0.0813834,0.360059
1.91,0.111281,-0.0582217,-1.3566,-1.18906,0.100855,-0.18039,0.095859,0.365397
1.92,0.103662,-0.0400575,-1.36032,-1.1825,0.0970633,-0.188884,0.110663,0.369929
1.93,0.0956297,-0.0210036,-1.36368,-1.17628,0.0925799,-0.195439,0.125789,0.373664
1.94,0.0872232,-0.00116784,-1.36664,-1.17046,0.0873353,-0.199862,0.141233,0.376606
1.95,0.0784928,0.0193124,-1.36918,-1.16507,0.0812521,-0.201939,0.156991,0.378762
1.96,0.0695034,0.0402587,-1.37129,-1.16019,0.0742428,-0.201425,0.173057,0.380138
1.97,0.0603409,0.0614351,-1.37292,-1.15587,0.0662095,-0.198051,0.189426,0.380742
1.98,0.0511202,0.0825256,-1.37406,-1.15218,0.0570444,-0.191516,0.206091,0.380583
1.99,0.041997,0.103102,-1.37466,-1.1492,0.0466317,-0.1815,0.223046,0.379672
2,0.0331832,0.122582,-1.37469,-1.14703,0.0348555,-0.167682,0.240281,0.378026
2.01,0.0249668,0.140172,-1.37409,-1.14576,0.0216155,-0.149781,0.257783,0.375666
2.02,0.0177324,0.154816,-1.37281,-1.14553,0.00685936,-0.127652,0.275534,0.372626
2.03,0.0119724,0.16516,-1.3708,-1.14647,-0.00936007,-0.101437,0.293513,0.368952
2.04,0.0082623,0.169621,-1.36797,-1.14876,-0.0267985,-0.0718046,0.311685,0.36471
2.05,0.00716145,0.166663,-1.36424,-1.15258,-0.0449295,-0.0401992,0.330005,0.359998
2.06,0.00902021,0.155323,-1.3595,-1.15818,-0.0629244,-0.00889708,0.348409,0.354959
2.07,0.0137724,0.135787,-1.35365,-1.16581,-0.0797986,0.0193963,0.3668,0.3498
2.08,0.0208846,0.109522,-1.34655,-1.17578,-0.0947014,0.0423436,0.385042,0.344827
2.09,0.0295385,0.0787806,-1.33805,-1.18841,-0.107157,0.0586387,0.402933,0.340488
2.1,0.038906,0.045843,-1.32804,-1.20398,-0.117097,0.0680931,0.420183,0.337436
2.11,0.0483272,0.0125243,-1.31642,-1.2227,-0.124726,0.0712729,0.43638,0.336595
2.12,0.057353,-0.0199387,-1.30326,-1.24442,-0.130369,0.0690717,0.450976,0.339191
2.13,0.0657093,-0.0507916,-1.28887,-1.26847,-0.134366,0.0624275,0.463346,0.346629
2.14,0.0732443,-0.0796162,-1.27389,-1.29335,-0.137025,0.0521913,0.472956,0.360105
2.15,0.0798844,-0.10621,-1.25929,-1.31695,-0.138609,0.0390867,0.479641,0.379983
2.16,0.0856032,-0.130499,-1.24597,-1.33719,-0.139333,0.0237116,0.483759,0.405451
2.17,0.0904019,-0.152486,-1.23451,-1.35279,-0.139374,0.00655517,0.486046,0.434844
2.18,0.0942969,-0.172217,-1.22505,-1.36344,-0.138877,-0.0119823,0.487299,0.466363
2.19,0.0973127,-0.189759,-1.21742,-1.36951,-0.137959,-0.0315715,0.488153,0.498573
2.2,0.0994778,-0.205188,-1.21134,-1.37163,-0.136719,-0.0519393,0.48903,0.530515
2.21,0.100821,-0.218584,-1.20653,-1.37046,-0.135239,-0.0728565,0.490182,0.561616
2.22,0.101373,-0.230026,-1.20271,-1.3666,-0.133588,-0.0941287,0.491747,0.59156
2.23,0.10116,-0.239589,-1.19968,-1.36053,-0.131826,-0.115589,0.493792,0.620189
2.24,0.10021,-0.247345,-1.19725,-1.35266,-0.130005,-0.137091,0.496343,0.64744
2.25,0.0985466,-0.253358,-1.19528,-1.34331,-0.128172,-0.158508,0.499405,0.673299
2.26,0.0961933,-0.257689,-1.19367,-1.33273,-0.126367,-0.179722,0.502967,0.697784
2.27,0.0931711,-0.260394,-1.19232,-1.32114,-0.124628,-0.200629,0.507014,0.720928
2.28,0.0894997,-0.261525,-1.19116,-1.30869,-0.12299,-0.22113,0.511526,0.74277
2.29,0.0851969,-0.261127,-1.19013,-1.29554,-0.121486,-0.241134,0.516485,0.763352
2.3,0.0802796,-0.259245,-1.18917,-1.28181,-0.120149,-0.26055,0.521869,0.782717
2.31,0.0747631,-0.255919,-1.18826,-1.26758,-0.11901,-0.279292,0.527661,0.800903
2.32,0.068662,-0.251186,-1.18734,-1.25295,-0.1181,-0.297272,0.533843,0.817949
2.33,0.06199,-0.245081,-1.1864,-1.23799,-0.117451,-0.314402,0.540398,0.83389
2.34,0.0547604,-0.23764,-1.1854,-1.22276,-0.117096,-0.330589,0.547312,0.848757
2.35,0.0469861,-0.228896,-1.18432,-1.20732,-0.11707,-0.345738,0.55457,0.86258
2.36,0.0386804,-0.218884,-1.18314,-1.19172,-0.11741,-0.359746,0.562161,0.875382
2.37,0.029857,-0.207639,-1.18184,-1.176,-0.118155,-0.372501,0.570073,0.887189
2.38,0.0205311,-0.195203,-1.1804,-1.16022,-0.119349,-0.383882,0.578297,0.898019
2.39,0.0107196,-0.181619,-1.17881,-1.1444,-0.121042,-0.393756,0.586822,0.907891
2.4,0.000442623,-0.166943,-1.17705,-1.12859,-0.123285,-0.401971,0.595641,0.916819
2.41,-0.0102753,-0.15124,-1.17511,-1.11281,-0.126141,-0.40836,0.604746,0.924817
2.42,-0.0214033,-0.134594,-1.17297,-1.09712,-0.129679,-0.412729,0.614132,0.931895
2.43,-0.0329012,-0.117115,-1.17062,-1.08153,-0.133977,-0.414861,0.623792,0.938062
2.44,-0.0447157,-0.0989464,-1.16804,-1.06609,-0.139125,-0.414504,0.633721,0.943324
2.45,-0.0567747,-0.0802864,-1.16522,-1.05083,-0.145228,-0.411372,0.643916,0.947687
2.46,-0.0689792,-0.0614057,-1.16214,-1.03578,-0.152403,-0.405137,0.654373,0.951153
2.47,-0.0811911,-0.0426825,-1.1588,-1.02099,-0.160782,-0.395437,0.665088,0.953724
2.48,-0.0932163,-0.0246484,-1.15516,-1.00649,-0.170504,-0.38188,0.67606,0.955398
2.49,-0.104782,-0.00805252,-1.15123,-0.992336,-0.181709,-0.364087,0.687288,0.956176
2.5,-0.115507,0.00606219,-1.14696,-0.978567,-0.194502,-0.341762,0.69877,0.956053
2.51,-0.124882,0.016292,-1.14235,-0.965237,-0.208899,-0.314858,0.710505,0.955025
2.52,-0.132269,0.0208909,-1.13738,-0.952405,-0.22473,-0.283844,0.722495,0.953087
2.53,-0.136999,0.0180183,-1.132,-0.940136,-0.241511,-0.250045,0.734741,0.950234
2.54,-0.138586,0.00633978,-1.1262,-0.928507,-0.258386,-0.215816,0.747243,0.94646
2.55,-0.137002,-0.014216,-1.11994,-0.917602,-0.27426,-0.184166,0.760002,0.941759
2.56,-0.132784,-0.042173,-1.11317,-0.907521,-0.28815,-0.157798,0.773019,0.936129
2.57,-0.126824,-0.0750739,-1.10584,-0.898384,-0.299498,-0.138244,0.786292,0.929568
2.58,-0.120034,-0.110413,-1.09789,-0.890331,-0.308221,-0.125728,0.799817,0.922082
2.59,-0.113124,-0.146232,-1.08925,-0.883532,-0.314547,-0.119623,0.813585,0.913686
2.6,-0.106567,-0.181235,-1.07983,-0.878197,-0.318827,-0.118959,0.827578,0.904415
2.61,-0.10064,-0.214653,-1.06951,-0.874585,-0.321421,-0.122743,0.841765,0.894332
2.62,-0.0954927,-0.246075,-1.05814,-0.87302,-0.322648,-0.130098,0.856092,0.883551
2.63,-0.091196,-0.275304,-1.04556,-0.87391,-0.322772,-0.140289,0.870467,0.872275
2.64,-0.0877731,-0.302276,-1.03153,-0.877759,-0.322011,-0.15272,0.884729,0.860859
2.65,-0.085221,-0.326994,-1.01579,-0.885166,-0.320537,-0.166909,0.898601,0.849919
2.66,-0.0835228,-0.349503,-0.998075,-0.89675,-0.318492,-0.182468,0.911609,0.840522
2.67,-0.0826545,-0.369867,-0.978221,-0.912869,-0.31599,-0.199079,0.922978,0.834405
2.68,-0.0825889,-0.388158,-0.956481,-0.932964,-0.313127,-0.216481,0.931624,0.834006
2.69,-0.0832984,-0.404447,-0.933871,-0.954755,-0.309979,-0.234458,0.936525,0.841621
2.7,-0.084756,-0.418808,-0.91202,-0.97458,-0.306615,-0.252825,0.937481,0.8577
2.71,-0.086936,-0.431307,-0.892283,-0.9894,-0.303091,-0.271426,0.935388,0.880229
2.72,-0.0898146,-0.442007,-0.875115,-0.998196,-0.299456,-0.290125,0.931564,0.906238
2.73,-0.0933698,-0.450965,-0.860298,-1.00147,-0.295753,-0.308801,0.927048,0.933388
2.74,-0.0975818,-0.458234,-0.847394,-1.0002,-0.292023,-0.327345,0.92245,0.960305
2.75,-0.102432,-0.46386,-0.835985,-0.995335,-0.2883,-0.345658,0.918081,0.986287
2.76,-0.107905,-0.467889,-0.825732,-0.987647,-0.284619,-0.363647,0.914084,1.01101
2.77,-0.113985,-0.470357,-0.816376,-0.977721,-0.281011,-0.381222,0.910516,1.03434
2.78,-0.12066,-0.471301,-0.80772,-0.966001,-0.277506,-0.398299,0.90739,1.05625
2.79,-0.127916,-0.470752,-0.799613,-0.952829,-0.274135,-0.414791,0.904697,1.07676
2.8,-0.135743,-0.46874,-0.79194,-0.938471,-0.27093,-0.430613,0.902419,1.0959
2.81,-0.14413,-0.465291,-0.784608,-0.923133,-0.26792,-0.445677,0.900534,1.11371
2.82,-0.153069,-0.460431,-0.777546,-0.906982,-0.26514,-0.45989,0.899017,1.13026
2.83,-0.162549,-0.454184,-0.770693,-0.890154,-0.262623,-0.473156,0.897846,1.14558
2.84,-0.172561,-0.446575,-0.764003,-0.872761,-0.260407,-0.485368,0.896997,1.15973
2.85,-0.183095,-0.437628,-0.757434,-0.854894,-0.258534,-0.496413,0.89645,1.17275
2.86,-0.194141,-0.427374,-0.750953,-0.836635,-0.257047,-0.506165,0.896186,1.18467
2.87,-0.205685,-0.415844,-0.744531,-0.818049,-0.255998,-0.514483,0.896187,1.19553
2.88,-0.217713,-0.403081,-0.738143,-0.799196,-0.255442,-0.521209,0.896435,1.20537
2.89,-0.230204,-0.389136,-0.731769,-0.780128,-0.255445,-0.526163,0.896918,1.21421
2.9,-0.243132,-0.37408,-0.725388,-0.760892,-0.25608,-0.52914,0.897619,1.22208
2.91,-0.256462,-0.358005,-0.718986,-0.741528,-0.257433,-0.529902,0.898528,1.229
2.92,-0.270146,-0.341045,-0.712547,-0.722074,-0.259603,-0.528176,0.899633,1.23499
2.93,-0.284117,-0.323381,-0.706058,-0.702567,-0.262703,-0.523645,0.900924,1.24008
2.94,-0.298276,-0.305276,-0.699507,-0.683038,-0.266866,-0.515943,0.902392,1.24427
2.95,-0.312488,-0.287106,-0.692883,-0.663518,-0.272241,-0.50466,0.90403,1.24758
2.96,-0.326552,-0.269415,-0.686176,-0.644037,-0.27899,-0.489345,0.905829,1.25002
2.97,-0.340184,-0.252984,-0.679376,-0.624623,-0.287278,-0.46955,0.907785,1.25161
2.98,-0.352978,-0.238926,-0.672474,-0.605304,-0.297234,-0.444914,0.909893,1.25235
2.99,-0.364381,-0.228755,-0.66546,-0.586107,-0.308891,-0.415348,0.912149,1.25226
3,-0.373707,-0.224359,-0.658326,-0.567059,-0.32207,-0.381344,0.914551,1.25133
3.01,-0.380245,-0.227687,-0.651062,-0.548188,-0.336245,-0.344345,0.917095,1.24957
3.02,-0.383514,-0.240062,-0.643658,-0.529522,-0.350496,-0.306885,0.919782,1.24699
3.03,-0.383545,-0.261393,-0.636102,-0.511089,-0.363692,-0.272075,0.922608,1.24359
3.04,-0.380939,-0.290026,-0.628384,-0.492919,-0.37487,-0.242556,0.925575,1.23936
3.05,-0.376608,-0.323451,-0.620492,-0.475043,-0.383531,-0.219703,0.92868,1.2343
3.06,-0.371437,-0.359235,-0.612414,-0.457497,-0.389633,-0.20363,0.931924,1.22841
3.07,-0.366096,-0.395527,-0.604134,-0.440316,-0.393409,-0.19369,0.935307,1.22169
3.08,-0.361026,-0.431113,-0.59564,-0.42354,-0.395196,-0.18896,0.93883,1.21413
3.09,-0.35649,-0.465266,-0.586916,-0.407214,-0.395328,-0.188516,0.942496,1.20572
3.1,-0.352631,-0.497586,-0.577942,-0.391387,-0.394101,-0.191544,0.946307,1.19645
3.11,-0.349523,-0.527869,-0.568698,-0.376114,-0.39176,-0.197369,0.950269,1.18631
3.12,-0.347194,-0.556032,-0.55916,-0.361458,-0.388507,-0.205438,0.954387,1.1753
3.13,-0.345649,-0.582059,-0.5493,-0.34749,-0.384505,-0.215303,0.958666,1.16339
3.14,-0.344877,-0.605972,-0.539083,-0.334294,-0.379886,-0.226602,0.963114,1.15057
3.15,-0.344862,-0.627816,-0.528469,-0.321969,-0.374758,-0.239035,0.967737,1.13683
3.16,-0.345585,-0.647641,-0.517409,-0.310634,-0.369212,-0.252357,0.972541,1.12216
3.17,-0.347023,-0.665503,-0.50584,-0.300431,-0.363323,-0.266359,0.977534,1.10654
3.18,-0.349155,-0.681457,-0.493686,-0.291541,-0.357156,-0.280864,0.982716,1.08998
3.19,-0.351962,-0.695556,-0.48085,-0.284187,-0.350766,-0.295722,0.988084,1.07246
3.2,-0.355423,-0.70785,-0.467205,-0.278661,-0.344201,-0.310797,0.993627,1.05404
3.21,-0.359523,-0.718383,-0.452584,-0.275346,-0.337506,-0.325969,0.999308,1.03478
3.22,-0.364244,-0.727197,-0.436757,-0.274761,-0.33072,-0.341131,1.00505,1.01485
3.23,-0.369572,-0.734329,-0.419415,-0.277614,-0.323879,-0.35618,1.01071,0.994602
3.24,-0.375494,-0.739812,-0.40013,-0.284867,-0.317016,-0.371022,1.01594,0.974778
3.25,-0.381998,-0.743676,-0.378387,-0.29769,-0.310166,-0.385565,1.02003,0.956975
3.26,-0.389073,-0.745947,-0.353861,-0.316818,-0.303359,-0.39972,1.02154,0.944447
3.27,-0.39671,-0.746648,-0.327464,-0.340206,-0.296628,-0.413397,1.01829,0.942096
3.28,-0.404899,-0.745801,-0.302082,-0.361366,-0.290005,-0.426504,1.00927,0.952188
3.29,-0.413634,-0.743425,-0.280304,-0.374478,-0.283524,-0.438948,0.996236,0.970746
3.3,-0.422906,-0.739536,-0.262372,-0.379008,-0.27722,-0.450631,0.981775,0.991976
3.31,-0.432707,-0.734153,-0.24735,-0.377066,-0.27113,-0.461449,0.96729,1.01271
3.32,-0.443031,-0.727291,-0.234371,-0.370613,-0.265295,-0.471288,0.953285,1.03181
3.33,-0.453867,-0.71897,-0.222844,-0.360991,-0.25976,-0.480026,0.939893,1.04897
3.34,-0.465207,-0.709211,-0.212378,-0.349085,-0.254572,-0.487528,0.927114,1.06419
3.35,-0.47704,-0.698041,-0.202716,-0.335486,-0.249787,-0.493642,0.914906,1.07757
3.36,-0.48935,-0.685494,-0.19368,-0.320607,-0.245465,-0.498198,0.903214,1.08922
3.37,-0.502119,-0.671617,-0.185141,-0.304744,-0.241677,-0.501003,0.891987,1.09926
3.38,-0.515321,-0.656476,-0.177009,-0.288114,-0.238502,-0.501837,0.881177,1.10779
3.39,-0.528921,-0.640162,-0.169213,-0.270885,-0.236032,-0.500446,0.870741,1.1149
3.4,-0.542869,-0.622803,-0.1617,-0.253188,-0.234374,-0.496538,0.860642,1.12069
3.41,-0.557097,-0.604586,-0.15443,-0.235126,-0.23365,-0.489777,0.850848,1.12522
3.42,-0.571506,-0.585777,-0.147368,-0.216785,-0.233999,-0.479779,0.841331,1.12856
3.43,-0.585954,-0.566762,-0.140487,-0.198236,-0.235578,-0.466112,0.832067,1.13075
3.44,-0.600236,-0.548098,-0.133766,-0.179537,-0.238558,-0.448312,0.823035,1.13186
3.45,-0.61406,-0.530582,-0.127184,-0.16074,-0.243103,-0.425924,0.814216,1.13193
3.46,-0.627017,-0.515339,-0.120727,-0.141891,-0.249344,-0.398593,0.805594,1.13099
3.47,-0.63856,-0.503871,-0.114379,-0.123027,-0.257304,-0.366252,0.797155,1.12908
3.48,-0.648019,-0.49801,-0.108128,-0.104186,-0.266799,-0.329409,0.788887,1.12622
3.49,-0.654723,-0.499602,-0.101964,-0.0853978,-0.277317,-0.289475,0.780776,1.12245
3.5,-0.658226,-0.509872,-0.0958757,-0.0666937,-0.287988,-0.248839,0.772813,1.11778
3.51,-0.658544,-0.528765,-0.0898559,-0.0481013,-0.297759,-0.210394,0.764986,1.11224
3.52,-0.656205,-0.554829,-0.0838973,-0.0296473,-0.305727,-0.176625,0.757286,1.10585
3.53,-0.652022,-0.585818,-0.0779938,-0.0113576,-0.311383,-0.148929,0.749706,1.09863
3.54,-0.64681,-0.619486,-0.0721399,0.00674276,-0.314627,-0.127581,0.742238,1.09058
3.55,-0.641216,-0.654051,-0.0663296,0.0246294,-0.315623,-0.112134,0.734879,1.08172
3.56,-0.635683,-0.688283,-0.060557,0.0422781,-0.314646,-0.101832,0.727624,1.07206
3.57,-0.630496,-0.721401,-0.0548155,0.059665,-0.311989,-0.0958686,0.720471,1.06162
3.58,-0.625821,-0.752939,-0.049098,0.0767662,-0.307923,-0.0935071,0.713417,1.0504
3.59,-0.621755,-0.782631,-0.0433968,0.0935573,-0.302677,-0.0941148,0.706461,1.03842
3.6,-0.618345,-0.81034,-0.0377039,0.110014,-0.296445,-0.0971632,0.699601,1.02567
3.61,-0.615614,-0.836005,-0.0320107,0.12611,-0.289386,-0.102216,0.692835,1.01218
3.62,-0.613564,-0.859612,-0.0263084,0.141819,-0.281632,-0.10891,0.686163,0.99793
3.63,-0.61219,-0.881173,-0.0205875,0.157112,-0.273293,-0.116945,0.679583,0.982941
3.64,-0.611481,-0.900714,-0.014838,0.171961,-0.264462,-0.126067,0.673094,0.967213
3.65,-0.611424,-0.918271,-0.00904926,0.186333,-0.255216,-0.13606,0.666694,0.950747
3.66,-0.612002,-0.933882,-0.00320977,0.200194,-0.245625,-0.146736,0.660384,0.933547
3.67,-0.613199,-0.947585,0.00269288,0.213507,-0.235748,-0.157934,0.654163,0.915614
3.68,-0.615002,-0.959417,0.00867231,0.226232,-0.225637,-0.169508,0.64803,0.896949
3.69,-0.617394,-0.969415,0.0147436,0.238324,-0.21534,-0.181326,0.641984,0.877555
3.7,-0.620362,-0.97761,0.0209237,0.249735,-0.204901,-0.193269,0.636026,0.857432
3.71,-0.623893,-0.984035,0.0272316,0.260411,-0.194361,-0.205224,0.630156,0.836582
3.72,-0.627974,-0.988716,0.033689,0.270291,-0.183759,-0.217086,0.624372,0.815008
3.73,-0.632595,-0.991679,0.040321,0.279306,-0.173133,-0.228752,0.618675,0.792714
3.74,-0.637743,-0.992947,0.0471565,0.28738,-0.162519,-0.240122,0.613063,0.769705
3.75,-0.64341,-0.992541,0.0542294,0.294423,-0.151954,-0.251096,0.607534,0.74599
3.76,-0.649586,-0.990481,0.0615797,0.300333,-0.141477,-0.261575,0.602085,0.721584
3.77,-0.656262,-0.986786,0.0692552,0.30499,-0.131126,-0.271453,0.596708,0.696506
3.78,-0.66343,-0.981472,0.0773132,0.308253,-0.12094,-0.280626,0.591392,0.670788
3.79,-0.671079,-0.97456,0.085823,0.309954,-0.110962,-0.28898,0.586122,0.644477
3.8,-0.679202,-0.966068,0.0948696,0.309891,-0.101238,-0.296396,0.58087,0.617643
3.81,-0.687788,-0.956018,0.104558,0.307817,-0.0918154,-0.302744,0.575592,0.590392
3.82,-0.696826,-0.944437,0.115017,0.303429,-0.0827481,-0.307886,0.57022,0.562891
3.83,-0.706303,-0.931355,0.12641,0.296354,-0.0740939,-0.311665,0.564641,0.535404
3.84,-0.716202,-0.916813,0.138934,0.286139,-0.0659169,-0.313914,0.558673,0.508357
3.85,-0.726504,-0.900865,0.152818,0.272258,-0.0582887,-0.314441,0.552006,0.482456
3.86,-0.737179,-0.883579,0.168286,0.254202,-0.0512892,-0.313034,0.544119,0.458889
3.87,-0.748194,-0.865052,0.185412,0.231794,-0.0450085,-0.30945,0.534158,0.439592
3.88,-0.759499,-0.845412,0.203755,0.206019,-0.039548,-0.303419,0.520915,0.427292
3.89,-0.771027,-0.82484,0.221884,0.180092,-0.035022,-0.29463,0.50335,0.424343
3.9,-0.782687,-0.803585,0.237718,0.158682,-0.0315585,-0.282737,0.48168,0.430266
3.91,-0.79435,-0.781996,0.249949,0.144728,-0.0292984,-0.267358,0.457527,0.44142
3.92,-0.805837,-0.76056,0.258657,0.138048,-0.0283917,-0.248082,0.432639,0.453882
3.93,-0.816902,-0.739959,0.264574,0.136986,-0.0289865,-0.224508,0.408036,0.46536
3.94,-0.827201,-0.721128,0.268424,0.139911,-0.0312051,-0.196302,0.384138,0.474922
3.95,-0.836283,-0.705311,0.270742,0.14561,-0.0350981,-0.16333,0.361064,0.482305
3.96,-0.843586,-0.694047,0.271898,0.153244,-0.0405694,-0.125859,0.338812,0.487523
3.97,-0.848498,-0.689009,0.272146,0.16223,-0.0472825,-0.0848208,0.317338,0.490685
3.98,-0.850509,-0.691598,0.271662,0.172158,-0.0545974,-0.0419797,0.296586,0.491927
3.99,-0.849411,-0.702382,0.270574,0.182732,-0.0616291,0.000223545,0.2765,0.491387
4,-0.845428,-0.720735,0.268974,0.193734,-0.0674635,0.0392673,0.257033,0.489189
4.01,-0.839156,-0.745019,0.266932,0.204996,-0.071416,0.0732604,0.238142,0.485447
4.02,-0.831339,-0.773181,0.264505,0.216391,-0.0731586,0.101292,0.21979,0.480259
4.03,-0.822669,-0.80332,0.261734,0.227815,-0.0726747,0.12331,0.201946,0.473711
4.04,-0.813682,-0.833958,0.258657,0.239186,-0.0701358,0.139778,0.184583,0.46588
4.05,-0.804752,-0.864063,0.255301,0.250436,-0.0657911,0.151375,0.167676,0.45683
4.06,-0.796124,-0.892963,0.251691,0.261504,-0.0599014,0.158813,0.151206,0.446619
4.07,-0.787948,-0.920239,0.247845,0.27234,-0.052708,0.162749,0.135156,0.435295
4.08,-0.780312,-0.945643,0.243781,0.282897,-0.0444224,0.163759,0.119511,0.422904
4.09,-0.773265,-0.96904,0.239514,0.293133,-0.0352252,0.162335,0.10426,0.409483
4.1,-0.766828,-0.990362,0.235055,0.303007,-0.0252697,0.158892,0.0893928,0.395067
4.11,-0.761008,-1.00959,0.230416,0.312482,-0.0146862,0.153779,0.0749019,0.379686
4.12,-0.7558,-1.02672,0.225609,0.321521,-0.00358568,0.147297,0.0607819,0.363368
4.13,-0.751195,-1.04178,0.220644,0.330087,0.00793622,0.139699,0.0470287,0.346138
4.14,-0.747178,-1.05481,0.215532,0.338144,0.0197963,0.131207,0.0336398,0.328017
4.15,-0.743736,-1.06582,0.210285,0.345654,0.0319213,0.122011,0.0206143,0.309028
4.16,-0.740851,-1.07488,0.204915,0.352581,0.044246,0.112284,0.00795196,0.289188
4.17,-0.738508,-1.08201,0.199436,0.358883,0.0567116,0.102174,-0.00434627,0.268516
4.18,-0.736692,-1.08725,0.193861,0.364521,0.0692644,0.0918217,-0.0162788,0.24703
4.19,-0.735387,-1.09064,0.188209,0.369449,0.0818549,0.0813509,-0.0278436,0.224744
4.2,-0.73458,-1.09222,0.182497,0.373623,0.0944366,0.070879,-0.0390383,0.201677
4.21,-0.734258,-1.09203,0.176746,0.37699,0.106966,0.0605157,-0.0498608,0.177844
4.22,-0.734409,-1.09008,0.17098,0.379498,0.1194,0.0503659,-0.060309,0.153262
4.23,-0.735021,-1.08641,0.165224,0.381086,0.131699,0.0405312,-0.0703818,0.127951
4.24,-0.736084,-1.08106,0.159509,0.38169,0.143823,0.0311111,-0.0800792,0.101931
4.25,-0.73759,-1.07405,0.153866,0.381236,0.155731,0.0222048,-0.0894028,0.0752261
4.26,-0.739529,-1.06539,0.148335,0.379646,0.167384,0.0139125,-0.0983564,0.0478639
4.27,-0.741893,-1.05513,0.142955,0.37683,0.178741,0.00633702,-0.106947,0.019879
4.28,-0.744675,-1.04328,0.137776,0.372686,0.189761,-0.000414962,-0.115186,-0.0086858
4.29,-0.747866,-1.02987,0.132848,0.367103,0.200398,-0.00623092,-0.12309,-0.0377762
4.3,-0.751458,-1.01493,0.128232,0.359954,0.210608,-0.0109907,-0.130684,-0.0673223
4.31,-0.755441,-0.998478,0.123993,0.351097,0.220339,-0.0145642,-0.138001,-0.097233
4.32,-0.759805,-0.980554,0.120205,0.340375,0.229537,-0.0168092,-0.145088,-0.127389
4.33,-0.764537,-0.961196,0.116946,0.327617,0.238144,-0.0175679,-0.152012,-0.157631
4.34,-0.769619,-0.940456,0.114301,0.312638,0.246092,-0.0166636,-0.158858,-0.18775
4.35,-0.775029,-0.918396,0.112355,0.295253,0.253308,-0.0138967,-0.165746,-0.21747
4.36,-0.780737,-0.895104,0.111188,0.275287,0.259705,-0.0090394,-0.172832,-0.246429
4.37,-0.7867,-0.870698,0.110861,0.252607,0.265188,-0.00183076,-0.180317,-0.27416
4.38,-0.792859,-0.845342,0.111397,0.227165,0.269645,0.00802942,-0.188456,-0.30008
4.39,-0.79913,-0.81927,0.112753,0.199063,0.272948,0.0208854,-0.197551,-0.323497
4.4,-0.805393,-0.792815,0.114782,0.16863,0.274954,0.037127,-0.207931,-0.343656
4.41,-0.811473,-0.766456,0.11721,0.136488,0.275503,0.0571826,-0.219909,-0.359839
4.42,-0.817119,-0.740884,0.119633,0.103551,0.274433,0.0814916,-0.233708,-0.371523
4.43,-0.821976,-0.717084,0.121557,0.0709318,0.2716,0.110436,-0.249394,-0.378536
4.44,-0.825552,-0.696408,0.12249,0.0397464,0.266936,0.144193,-0.266842,-0.381142
4.45,-0.82722,-0.680585,0.122032,0.0109057,0.260537,0.182487,-0.285751,-0.379986
4.46,-0.826289,-0.671521,0.119933,-0.0150163,0.252788,0.224244,-0.305727,-0.375937
4.47,-0.8222,-0.670765,0.1161,-0.0377943,0.244444,0.26738,-0.326358,-0.369899
4.48,-0.814788,-0.678776,0.110562,-0.0574793,0.236535,0.309057,-0.347277,-0.362682
4.49,-0.80442,-0.694549,0.103425,-0.074298,0.230062,0.34651,-0.368186,-0.354941
4.5,-0.791859,-0.715993,0.0948336,-0.0885664,0.225687,0.377912,-0.388861,-0.347166
4.51,-0.77796,-0.740755,0.0849418,-0.100628,0.223635,0.40264,-0.409141,-0.339702
4.52,-0.76345,-0.766841,0.0739004,-0.110821,0.223799,0.420975,-0.428915,-0.332784
4.53,-0.748846,-0.792825,0.0618485,-0.119455,0.225911,0.433645,-0.448108,-0.326559
4.54,-0.734486,-0.817784,0.0489103,-0.126807,0.22966,0.441498,-0.466672,-0.321112
4.55,-0.720571,-0.841164,0.0351956,-0.133121,0.234747,0.445341,-0.48458,-0.316485
4.56,-0.707217,-0.862652,0.0208003,-0.138605,0.240913,0.445877,-0.501815,-0.312691
4.57,-0.694482,-0.88209,0.00580828,-0.143441,0.247939,0.443698,-0.518372,-0.309722
4.58,-0.682392,-0.89941,-0.00970718,-0.147782,0.255644,0.439291,-0.534252,-0.307556
4.59,-0.670955,-0.914603,-0.025682,-0.151759,0.263877,0.433059,-0.549457,-0.306163
4.6,-0.660164,-0.92769,-0.0420597,-0.155483,0.272515,0.425336,-0.563998,-0.305511
4.61,-0.650009,-0.938712,-0.0587907,-0.15905,0.281454,0.416398,-0.577881,-0.30556
4.62,-0.640475,-0.947715,-0.0758309,-0.162539,0.290607,0.406478,-0.591119,-0.306276
4.63,-0.631546,-0.954754,-0.093141,-0.16602,0.2999,0.395774,-0.603723,-0.30762
4.64,-0.623209,-0.959879,-0.110686,-0.16955,0.309269,0.384455,-0.615704,-0.309557
4.65,-0.615447,-0.963142,-0.128434,-0.173181,0.318661,0.372668,-0.627073,-0.312054
4.66,-0.608247,-0.964591,-0.146358,-0.176954,0.328026,0.360542,-0.637843,-0.31508
4.67,-0.601598,-0.964267,-0.16443,-0.180906,0.337322,0.348193,-0.648023,-0.318604
4.68,-0.595489,-0.962213,-0.182629,-0.18507,0.34651,0.335726,-0.657626,-0.322599
4.69,-0.58991,-0.958462,-0.200933,-0.189473,0.355555,0.323236,-0.66666,-0.327043
4.7,-0.584853,-0.953046,-0.219321,-0.19414,0.364425,0.310815,-0.675135,-0.33191
4.71,-0.580313,-0.945994,-0.237777,-0.199093,0.373086,0.298548,-0.683061,-0.337183
4.72,-0.576283,-0.937328,-0.256284,-0.204352,0.381509,0.28652,-0.690444,-0.342841
4.73,-0.572759,-0.927068,-0.274825,-0.209935,0.389664,0.274813,-0.697293,-0.348868
4.74,-0.569738,-0.915232,-0.293386,-0.215859,0.39752,0.26351,-0.703613,-0.35525
4.75,-0.567218,-0.901833,-0.311953,-0.222141,0.405045,0.2527,-0.70941,-0.361973
4.76,-0.565197,-0.886882,-0.330513,-0.228795,0.412206,0.242471,-0.714689,-0.369025
4.77,-0.563675,-0.87039,-0.349053,-0.235838,0.418968,0.23292,-0.719453,-0.376394
4.78,-0.562651,-0.852364,-0.367559,-0.243285,0.425291,0.224154,-0.723706,-0.384072
4.79,-0.562123,-0.832814,-0.38602,-0.251151,0.431134,0.216287,-0.72745,-0.392049
4.8,-0.56209,-0.81175,-0.404422,-0.259453,0.436447,0.209451,-0.730684,-0.400317
4.81,-0.562551,-0.789186,-0.422753,-0.268206,0.441175,0.203791,-0.733411,-0.40887
4.82,-0.563499,-0.765143,-0.440997,-0.277428,0.445255,0.19948,-0.735628,-0.4177
4.83,-0.564925,-0.739655,-0.459141,-0.287135,0.448614,0.196714,-0.737335,-0.426801
4.84,-0.566814,-0.712773,-0.477169,-0.297347,0.451165,0.195727,-0.738529,-0.43617
4.85,-0.56914,-0.684577,-0.495065,-0.308082,0.452805,0.196794,-0.739208,-0.445801
4.86,-0.571862,-0.655189,-0.51281,-0.319359,0.453415,0.200245,-0.739368,-0.455694
4.87,-0.574915,-0.624801,-0.530385,-0.331199,0.452849,0.206471,-0.739007,-0.465848
4.88,-0.578198,-0.593704,-0.547768,-0.343626,0.450939,0.215935,-0.738121,-0.476266
4.89,-0.581553,-0.562346,-0.564935,-0.356664,0.44749,0.229175,-0.736705,-0.486956
4.9,-0.584736,-0.531409,-0.581863,-0.370342,0.442286,0.24678,-0.734757,-0.49793
4.91,-0.58738,-0.501919,-0.598522,-0.384698,0.435119,0.26933,-0.732271,-0.509204
4.92,-0.588949,-0.475361,-0.614882,-0.399776,0.425844,0.297227,-0.729243,-0.5208
4.93,-0.58872,-0.453733,-0.630908,-0.415632,0.414497,0.330381,-0.725667,-0.532744
4.94,-0.585865,-0.439323,-0.646559,-0.432339,0.40146,0.367741,-0.721533,-0.545065
4.95,-0.579701,-0.434019,-0.661787,-0.449988,0.387586,0.406974,-0.716832,-0.557796
4.96,-0.570043,-0.438335,-0.676532,-0.468698,0.374062,0.444811,-0.711551,-0.570972
4.97,-0.55736,-0.45099,-0.69072,-0.488619,0.362009,0.478172,-0.705674,-0.584627
4.98,-0.542547,-0.469537,-0.704252,-0.509952,0.352099,0.50521,-0.699185,-0.598798
4.99,-0.526536,-0.491418,-0.716998,-0.532971,0.344498,0.52547,-0.69207,-0.613521
5,-0.510065,-0.514617,-0.728773,-0.558069,0.339043,0.539401,-0.684321,-0.628818